-1.0472 0.846606
-1.0462 0.845298
-1.0452 0.843991
-1.0442 0.842684
-1.0432 0.841378
-1.0422 0.840072
-1.0412 0.838766
-1.0402 0.837461
-1.0392 0.836157
-1.0382 0.834853
-1.0372 0.833549
-1.0362 0.832246
-1.0352 0.830944
-1.0342 0.829641
-1.0332 0.82834
-1.0322 0.827039
-1.0312 0.825738
-1.0302 0.824437
-1.0292 0.823138
-1.0282 0.821838
-1.0272 0.820539
-1.0262 0.819241
-1.0252 0.817943
-1.0242 0.816646
-1.0232 0.815349
-1.0222 0.814052
-1.0212 0.812756
-1.0202 0.811461
-1.0192 0.810166
-1.0182 0.808871
-1.0172 0.807577
-1.0162 0.806283
-1.0152 0.80499
-1.0142 0.803698
-1.0132 0.802405
-1.0122 0.801114
-1.0112 0.799823
-1.0102 0.798532
-1.0092 0.797242
-1.0082 0.795952
-1.0072 0.794663
-1.0062 0.793374
-1.0052 0.792086
-1.0042 0.790798
-1.0032 0.789511
-1.0022 0.788224
-1.0012 0.786938
-1.0002 0.785652
-0.999198 0.784367
-0.998198 0.783082
-0.997198 0.781798
-0.996198 0.780514
-0.995198 0.779231
-0.994198 0.777948
-0.993198 0.776666
-0.992198 0.775384
-0.991198 0.774103
-0.990198 0.772822
-0.989198 0.771542
-0.988198 0.770262
-0.987198 0.768983
-0.986198 0.767705
-0.985198 0.766426
-0.984198 0.765149
-0.983198 0.763872
-0.982198 0.762595
-0.981198 0.761319
-0.980198 0.760043
-0.979198 0.758768
-0.978198 0.757494
-0.977198 0.75622
-0.976198 0.754946
-0.975198 0.753674
-0.974198 0.752401
-0.973198 0.751129
-0.972198 0.749858
-0.971198 0.748587
-0.970198 0.747317
-0.969198 0.746047
-0.968198 0.744778
-0.967198 0.743509
-0.966198 0.742241
-0.965198 0.740973
-0.964198 0.739706
-0.963198 0.738439
-0.962198 0.737173
-0.961198 0.735908
-0.960198 0.734643
-0.959198 0.733379
-0.958198 0.732115
-0.957198 0.730851
-0.956198 0.729589
-0.955198 0.728326
-0.954198 0.727065
-0.953198 0.725803
-0.952198 0.724543
-0.951198 0.723283
-0.950198 0.722023
-0.949198 0.720764
-0.948198 0.719506
-0.947198 0.718248
-0.946198 0.716991
-0.945198 0.715734
-0.944198 0.714478
-0.943198 0.713222
-0.942198 0.711967
-0.941198 0.710713
-0.940198 0.709459
-0.939198 0.708206
-0.938198 0.706953
-0.937198 0.705701
-0.936198 0.704449
-0.935198 0.703198
-0.934198 0.701947
-0.933198 0.700697
-0.932198 0.699448
-0.931198 0.698199
-0.930198 0.696951
-0.929198 0.695703
-0.928198 0.694456
-0.927198 0.69321
-0.926198 0.691964
-0.925198 0.690719
-0.924198 0.689474
-0.923198 0.68823
-0.922198 0.686986
-0.921198 0.685743
-0.920198 0.684501
-0.919198 0.683259
-0.918198 0.682017
-0.917198 0.680777
-0.916198 0.679537
-0.915198 0.678297
-0.914198 0.677058
-0.913198 0.67582
-0.912198 0.674582
-0.911198 0.673345
-0.910198 0.672109
-0.909198 0.670873
-0.908198 0.669637
-0.907198 0.668403
-0.906198 0.667169
-0.905198 0.665935
-0.904198 0.664702
-0.903198 0.66347
-0.902198 0.662238
-0.901198 0.661007
-0.900198 0.659777
-0.899198 0.658547
-0.898198 0.657317
-0.897198 0.656089
-0.896198 0.654861
-0.895198 0.653633
-0.894198 0.652407
-0.893198 0.65118
-0.892198 0.649955
-0.891198 0.64873
-0.890198 0.647506
-0.889198 0.646282
-0.888198 0.645059
-0.887198 0.643836
-0.886198 0.642615
-0.885198 0.641393
-0.884198 0.640173
-0.883198 0.638953
-0.882198 0.637734
-0.881198 0.636515
-0.880198 0.635297
-0.879198 0.634079
-0.878198 0.632863
-0.877198 0.631647
-0.876198 0.630431
-0.875198 0.629216
-0.874198 0.628002
-0.873198 0.626788
-0.872198 0.625575
-0.871198 0.624363
-0.870198 0.623152
-0.869198 0.621941
-0.868198 0.62073
-0.867198 0.619521
-0.866198 0.618312
-0.865198 0.617103
-0.864198 0.615895
-0.863198 0.614688
-0.862198 0.613482
-0.861198 0.612276
-0.860198 0.611071
-0.859198 0.609867
-0.858198 0.608663
-0.857198 0.60746
-0.856198 0.606257
-0.855198 0.605056
-0.854198 0.603854
-0.853198 0.602654
-0.852198 0.601454
-0.851198 0.600255
-0.850198 0.599057
-0.849198 0.597859
-0.848198 0.596662
-0.847198 0.595465
-0.846198 0.59427
-0.845198 0.593075
-0.844198 0.59188
-0.843198 0.590687
-0.842198 0.589494
-0.841198 0.588301
-0.840198 0.58711
-0.839198 0.585919
-0.838198 0.584728
-0.837198 0.583539
-0.836198 0.58235
-0.835198 0.581162
-0.834198 0.579974
-0.833198 0.578787
-0.832198 0.577601
-0.831198 0.576416
-0.830198 0.575231
-0.829198 0.574047
-0.828198 0.572864
-0.827198 0.571681
-0.826198 0.570499
-0.825198 0.569318
-0.824198 0.568138
-0.823198 0.566958
-0.822198 0.565779
-0.821198 0.564601
-0.820198 0.563423
-0.819198 0.562246
-0.818198 0.56107
-0.817198 0.559894
-0.816198 0.55872
-0.815198 0.557546
-0.814198 0.556372
-0.813198 0.5552
-0.812198 0.554028
-0.811198 0.552857
-0.810198 0.551686
-0.809198 0.550517
-0.808198 0.549348
-0.807198 0.548179
-0.806198 0.547012
-0.805198 0.545845
-0.804198 0.544679
-0.803198 0.543514
-0.802198 0.542349
-0.801198 0.541185
-0.800198 0.540022
-0.799198 0.53886
-0.798198 0.537699
-0.797198 0.536538
-0.796198 0.535378
-0.795198 0.534218
-0.794198 0.53306
-0.793198 0.531902
-0.792198 0.530745
-0.791198 0.529588
-0.790198 0.528433
-0.789198 0.527278
-0.788198 0.526124
-0.787198 0.524971
-0.786198 0.523818
-0.785198 0.522666
-0.784198 0.521515
-0.783198 0.520365
-0.782198 0.519216
-0.781198 0.518067
-0.780198 0.516919
-0.779198 0.515772
-0.778198 0.514626
-0.777198 0.51348
-0.776198 0.512335
-0.775198 0.511191
-0.774198 0.510048
-0.773198 0.508905
-0.772198 0.507764
-0.771198 0.506623
-0.770198 0.505483
-0.769198 0.504343
-0.768198 0.503205
-0.767198 0.502067
-0.766198 0.50093
-0.765198 0.499794
-0.764198 0.498659
-0.763198 0.497524
-0.762198 0.49639
-0.761198 0.495257
-0.760198 0.494125
-0.759198 0.492994
-0.758198 0.491863
-0.757198 0.490733
-0.756198 0.489604
-0.755198 0.488476
-0.754198 0.487349
-0.753198 0.486222
-0.752198 0.485097
-0.751198 0.483972
-0.750198 0.482848
-0.749198 0.481725
-0.748198 0.480602
-0.747198 0.47948
-0.746198 0.47836
-0.745198 0.47724
-0.744198 0.476121
-0.743198 0.475002
-0.742198 0.473885
-0.741198 0.472768
-0.740198 0.471652
-0.739198 0.470537
-0.738198 0.469423
-0.737198 0.46831
-0.736198 0.467197
-0.735198 0.466086
-0.734198 0.464975
-0.733198 0.463865
-0.732198 0.462756
-0.731198 0.461648
-0.730198 0.46054
-0.729198 0.459434
-0.728198 0.458328
-0.727198 0.457223
-0.726198 0.456119
-0.725198 0.455016
-0.724198 0.453914
-0.723198 0.452813
-0.722198 0.451712
-0.721198 0.450612
-0.720198 0.449514
-0.719198 0.448416
-0.718198 0.447319
-0.717198 0.446222
-0.716198 0.445127
-0.715198 0.444033
-0.714198 0.442939
-0.713198 0.441846
-0.712198 0.440754
-0.711198 0.439663
-0.710198 0.438573
-0.709198 0.437484
-0.708198 0.436396
-0.707198 0.435309
-0.706198 0.434222
-0.705198 0.433136
-0.704198 0.432052
-0.703198 0.430968
-0.702198 0.429885
-0.701198 0.428803
-0.700198 0.427722
-0.699198 0.426641
-0.698198 0.425562
-0.697198 0.424484
-0.696198 0.423406
-0.695198 0.422329
-0.694198 0.421254
-0.693198 0.420179
-0.692198 0.419105
-0.691198 0.418032
-0.690198 0.41696
-0.689198 0.415889
-0.688198 0.414819
-0.687198 0.413749
-0.686198 0.412681
-0.685198 0.411613
-0.684198 0.410547
-0.683198 0.409481
-0.682198 0.408417
-0.681198 0.407353
-0.680198 0.40629
-0.679198 0.405228
-0.678198 0.404167
-0.677198 0.403107
-0.676198 0.402048
-0.675198 0.40099
-0.674198 0.399933
-0.673198 0.398877
-0.672198 0.397821
-0.671198 0.396767
-0.670198 0.395714
-0.669198 0.394661
-0.668198 0.39361
-0.667198 0.392559
-0.666198 0.391509
-0.665198 0.390461
-0.664198 0.389413
-0.663198 0.388367
-0.662198 0.387321
-0.661198 0.386276
-0.660198 0.385232
-0.659198 0.384189
-0.658198 0.383148
-0.657198 0.382107
-0.656198 0.381067
-0.655198 0.380028
-0.654198 0.37899
-0.653198 0.377953
-0.652198 0.376917
-0.651198 0.375882
-0.650198 0.374848
-0.649198 0.373815
-0.648198 0.372783
-0.647198 0.371752
-0.646198 0.370722
-0.645198 0.369693
-0.644198 0.368665
-0.643198 0.367638
-0.642198 0.366612
-0.641198 0.365587
-0.640198 0.364563
-0.639198 0.36354
-0.638198 0.362518
-0.637198 0.361497
-0.636198 0.360477
-0.635198 0.359458
-0.634198 0.35844
-0.633198 0.357423
-0.632198 0.356407
-0.631198 0.355392
-0.630198 0.354378
-0.629198 0.353365
-0.628198 0.352353
-0.627198 0.351342
-0.626198 0.350332
-0.625198 0.349324
-0.624198 0.348316
-0.623198 0.347309
-0.622198 0.346304
-0.621198 0.345299
-0.620198 0.344295
-0.619198 0.343293
-0.618198 0.342291
-0.617198 0.341291
-0.616198 0.340292
-0.615198 0.339293
-0.614198 0.338296
-0.613198 0.3373
-0.612198 0.336305
-0.611198 0.335311
-0.610198 0.334317
-0.609198 0.333325
-0.608198 0.332335
-0.607198 0.331345
-0.606198 0.330356
-0.605198 0.329368
-0.604198 0.328382
-0.603198 0.327396
-0.602198 0.326411
-0.601198 0.325428
-0.600198 0.324446
-0.599198 0.323464
-0.598198 0.322484
-0.597198 0.321505
-0.596198 0.320527
-0.595198 0.31955
-0.594198 0.318574
-0.593198 0.3176
-0.592198 0.316626
-0.591198 0.315653
-0.590198 0.314682
-0.589198 0.313712
-0.588198 0.312742
-0.587198 0.311774
-0.586198 0.310807
-0.585198 0.309841
-0.584198 0.308876
-0.583198 0.307913
-0.582198 0.30695
-0.581198 0.305989
-0.580198 0.305028
-0.579198 0.304069
-0.578198 0.303111
-0.577198 0.302154
-0.576198 0.301198
-0.575198 0.300243
-0.574198 0.29929
-0.573198 0.298337
-0.572198 0.297386
-0.571198 0.296436
-0.570198 0.295486
-0.569198 0.294538
-0.568198 0.293592
-0.567198 0.292646
-0.566198 0.291701
-0.565198 0.290758
-0.564198 0.289816
-0.563198 0.288875
-0.562198 0.287935
-0.561198 0.286996
-0.560198 0.286059
-0.559198 0.285122
-0.558198 0.284187
-0.557198 0.283253
-0.556198 0.28232
-0.555198 0.281388
-0.554198 0.280457
-0.553198 0.279528
-0.552198 0.2786
-0.551198 0.277672
-0.550198 0.276747
-0.549198 0.275822
-0.548198 0.274898
-0.547198 0.273976
-0.546198 0.273055
-0.545198 0.272135
-0.544198 0.271216
-0.543198 0.270298
-0.542198 0.269382
-0.541198 0.268466
-0.540198 0.267552
-0.539198 0.26664
-0.538198 0.265728
-0.537198 0.264817
-0.536198 0.263908
-0.535198 0.263
-0.534198 0.262093
-0.533198 0.261188
-0.532198 0.260283
-0.531198 0.25938
-0.530198 0.258478
-0.529198 0.257577
-0.528198 0.256678
-0.527198 0.255779
-0.526198 0.254882
-0.525198 0.253987
-0.524198 0.253092
-0.523198 0.252198
-0.522198 0.251306
-0.521198 0.250415
-0.520198 0.249526
-0.519198 0.248637
-0.518198 0.24775
-0.517198 0.246864
-0.516198 0.245979
-0.515198 0.245096
-0.514198 0.244214
-0.513198 0.243333
-0.512198 0.242453
-0.511198 0.241574
-0.510198 0.240697
-0.509198 0.239821
-0.508198 0.238946
-0.507198 0.238073
-0.506198 0.237201
-0.505198 0.23633
-0.504198 0.23546
-0.503198 0.234592
-0.502198 0.233725
-0.501198 0.232859
-0.500198 0.231994
-0.499198 0.231131
-0.498198 0.230269
-0.497198 0.229409
-0.496198 0.228549
-0.495198 0.227691
-0.494198 0.226834
-0.493198 0.225979
-0.492198 0.225124
-0.491198 0.224271
-0.490198 0.22342
-0.489198 0.222569
-0.488198 0.22172
-0.487198 0.220873
-0.486198 0.220026
-0.485198 0.219181
-0.484198 0.218337
-0.483198 0.217495
-0.482198 0.216654
-0.481198 0.215814
-0.480198 0.214975
-0.479198 0.214138
-0.478198 0.213302
-0.477198 0.212467
-0.476198 0.211634
-0.475198 0.210802
-0.474198 0.209972
-0.473198 0.209142
-0.472198 0.208314
-0.471198 0.207488
-0.470198 0.206662
-0.469198 0.205839
-0.468198 0.205016
-0.467198 0.204195
-0.466198 0.203375
-0.465198 0.202556
-0.464198 0.201739
-0.463198 0.200923
-0.462198 0.200109
-0.461198 0.199296
-0.460198 0.198484
-0.459198 0.197674
-0.458198 0.196865
-0.457198 0.196057
-0.456198 0.195251
-0.455198 0.194446
-0.454198 0.193642
-0.453198 0.19284
-0.452198 0.192039
-0.451198 0.19124
-0.450198 0.190442
-0.449198 0.189645
-0.448198 0.18885
-0.447198 0.188056
-0.446198 0.187263
-0.445198 0.186472
-0.444198 0.185683
-0.443198 0.184894
-0.442198 0.184107
-0.441198 0.183322
-0.440198 0.182538
-0.439198 0.181755
-0.438198 0.180974
-0.437198 0.180194
-0.436198 0.179415
-0.435198 0.178638
-0.434198 0.177863
-0.433198 0.177088
-0.432198 0.176316
-0.431198 0.175544
-0.430198 0.174774
-0.429198 0.174006
-0.428198 0.173238
-0.427198 0.172473
-0.426198 0.171708
-0.425198 0.170946
-0.424198 0.170184
-0.423198 0.169424
-0.422198 0.168666
-0.421198 0.167909
-0.420198 0.167153
-0.419198 0.166399
-0.418198 0.165646
-0.417198 0.164895
-0.416198 0.164145
-0.415198 0.163396
-0.414198 0.162649
-0.413198 0.161904
-0.412198 0.16116
-0.411198 0.160417
-0.410198 0.159676
-0.409198 0.158936
-0.408198 0.158198
-0.407198 0.157462
-0.406198 0.156726
-0.405198 0.155993
-0.404198 0.15526
-0.403198 0.154529
-0.402198 0.1538
-0.401198 0.153072
-0.400198 0.152346
-0.399198 0.151621
-0.398198 0.150898
-0.397198 0.150176
-0.396198 0.149455
-0.395198 0.148736
-0.394198 0.148019
-0.393198 0.147303
-0.392198 0.146589
-0.391198 0.145876
-0.390198 0.145164
-0.389198 0.144454
-0.388198 0.143746
-0.387198 0.143039
-0.386198 0.142334
-0.385198 0.14163
-0.384198 0.140927
-0.383198 0.140227
-0.382198 0.139527
-0.381198 0.138829
-0.380198 0.138133
-0.379198 0.137438
-0.378198 0.136745
-0.377198 0.136054
-0.376198 0.135363
-0.375198 0.134675
-0.374198 0.133988
-0.373198 0.133302
-0.372198 0.132618
-0.371198 0.131936
-0.370198 0.131255
-0.369198 0.130576
-0.368198 0.129898
-0.367198 0.129221
-0.366198 0.128547
-0.365198 0.127874
-0.364198 0.127202
-0.363198 0.126532
-0.362198 0.125864
-0.361198 0.125197
-0.360198 0.124531
-0.359198 0.123867
-0.358198 0.123205
-0.357198 0.122545
-0.356198 0.121886
-0.355198 0.121228
-0.354198 0.120572
-0.353198 0.119918
-0.352198 0.119265
-0.351198 0.118614
-0.350198 0.117964
-0.349198 0.117316
-0.348198 0.11667
-0.347198 0.116025
-0.346198 0.115382
-0.345198 0.11474
-0.344198 0.1141
-0.343198 0.113462
-0.342198 0.112825
-0.341198 0.11219
-0.340198 0.111556
-0.339198 0.110924
-0.338198 0.110294
-0.337198 0.109665
-0.336198 0.109038
-0.335198 0.108412
-0.334198 0.107788
-0.333198 0.107166
-0.332198 0.106545
-0.331198 0.105926
-0.330198 0.105308
-0.329198 0.104693
-0.328198 0.104078
-0.327198 0.103466
-0.326198 0.102855
-0.325198 0.102246
-0.324198 0.101638
-0.323198 0.101032
-0.322198 0.100427
-0.321198 0.0998246
-0.320198 0.0992235
-0.319198 0.098624
-0.318198 0.0980262
-0.317198 0.09743
-0.316198 0.0968355
-0.315198 0.0962426
-0.314198 0.0956514
-0.313198 0.0950618
-0.312198 0.0944739
-0.311198 0.0938876
-0.310198 0.093303
-0.309198 0.0927201
-0.308198 0.0921389
-0.307198 0.0915593
-0.306198 0.0909814
-0.305198 0.0904051
-0.304198 0.0898305
-0.303198 0.0892576
-0.302198 0.0886864
-0.301198 0.0881169
-0.300198 0.087549
-0.299198 0.0869828
-0.298198 0.0864184
-0.297198 0.0858555
-0.296198 0.0852944
-0.295198 0.084735
-0.294198 0.0841773
-0.293198 0.0836212
-0.292198 0.0830669
-0.291198 0.0825142
-0.290198 0.0819633
-0.289198 0.081414
-0.288198 0.0808665
-0.287198 0.0803207
-0.286198 0.0797765
-0.285198 0.0792341
-0.284198 0.0786934
-0.283198 0.0781544
-0.282198 0.0776171
-0.281198 0.0770815
-0.280198 0.0765477
-0.279198 0.0760156
-0.278198 0.0754852
-0.277198 0.0749565
-0.276198 0.0744295
-0.275198 0.0739043
-0.274198 0.0733808
-0.273198 0.072859
-0.272198 0.0723389
-0.271198 0.0718206
-0.270198 0.071304
-0.269198 0.0707892
-0.268198 0.0702761
-0.267198 0.0697647
-0.266198 0.0692551
-0.265198 0.0687472
-0.264198 0.0682411
-0.263198 0.0677367
-0.262198 0.0672341
-0.261198 0.0667332
-0.260198 0.0662341
-0.259198 0.0657367
-0.258198 0.0652411
-0.257198 0.0647472
-0.256198 0.0642551
-0.255198 0.0637648
-0.254198 0.0632762
-0.253198 0.0627894
-0.252198 0.0623044
-0.251198 0.0618211
-0.250198 0.0613396
-0.249198 0.0608598
-0.248198 0.0603819
-0.247198 0.0599057
-0.246198 0.0594313
-0.245198 0.0589586
-0.244198 0.0584878
-0.243198 0.0580187
-0.242198 0.0575514
-0.241198 0.0570859
-0.240198 0.0566222
-0.239198 0.0561603
-0.238198 0.0557001
-0.237198 0.0552418
-0.236198 0.0547852
-0.235198 0.0543304
-0.234198 0.0538775
-0.233198 0.0534263
-0.232198 0.0529769
-0.231198 0.0525293
-0.230198 0.0520836
-0.229198 0.0516396
-0.228198 0.0511974
-0.227198 0.0507571
-0.226198 0.0503185
-0.225198 0.0498818
-0.224198 0.0494469
-0.223198 0.0490138
-0.222198 0.0485825
-0.221198 0.048153
-0.220198 0.0477253
-0.219198 0.0472995
-0.218198 0.0468755
-0.217198 0.0464533
-0.216198 0.0460329
-0.215198 0.0456143
-0.214198 0.0451976
-0.213198 0.0447827
-0.212198 0.0443697
-0.211198 0.0439584
-0.210198 0.043549
-0.209198 0.0431415
-0.208198 0.0427357
-0.207198 0.0423318
-0.206198 0.0419298
-0.205198 0.0415296
-0.204198 0.0411312
-0.203198 0.0407347
-0.202198 0.04034
-0.201198 0.0399471
-0.200198 0.0395561
-0.199198 0.039167
-0.198198 0.0387797
-0.197198 0.0383943
-0.196198 0.0380107
-0.195198 0.0376289
-0.194198 0.0372491
-0.193198 0.036871
-0.192198 0.0364949
-0.191198 0.0361206
-0.190198 0.0357481
-0.189198 0.0353775
-0.188198 0.0350088
-0.187198 0.034642
-0.186198 0.034277
-0.185198 0.0339139
-0.184198 0.0335526
-0.183198 0.0331933
-0.182198 0.0328358
-0.181198 0.0324801
-0.180198 0.0321264
-0.179198 0.0317745
-0.178198 0.0314245
-0.177198 0.0310764
-0.176198 0.0307302
-0.175198 0.0303858
-0.174198 0.0300433
-0.173198 0.0297027
-0.172198 0.029364
-0.171198 0.0290272
-0.170198 0.0286923
-0.169198 0.0283592
-0.168198 0.0280281
-0.167198 0.0276988
-0.166198 0.0273714
-0.165198 0.027046
-0.164198 0.0267224
-0.163198 0.0264007
-0.162198 0.0260809
-0.161198 0.025763
-0.160198 0.025447
-0.159198 0.025133
-0.158198 0.0248208
-0.157198 0.0245105
-0.156198 0.0242021
-0.155198 0.0238956
-0.154198 0.0235911
-0.153198 0.0232884
-0.152198 0.0229877
-0.151198 0.0226888
-0.150198 0.0223919
-0.149198 0.0220969
-0.148198 0.0218038
-0.147198 0.0215126
-0.146198 0.0212234
-0.145198 0.020936
-0.144198 0.0206506
-0.143198 0.0203671
-0.142198 0.0200855
-0.141198 0.0198058
-0.140198 0.0195281
-0.139198 0.0192523
-0.138198 0.0189784
-0.137198 0.0187064
-0.136198 0.0184363
-0.135198 0.0181682
-0.134198 0.017902
-0.133198 0.0176378
-0.132198 0.0173754
-0.131198 0.017115
-0.130198 0.0168566
-0.129198 0.0166001
-0.128198 0.0163455
-0.127198 0.0160928
-0.126198 0.0158421
-0.125198 0.0155933
-0.124198 0.0153464
-0.123198 0.0151015
-0.122198 0.0148586
-0.121198 0.0146176
-0.120198 0.0143785
-0.119198 0.0141413
-0.118198 0.0139061
-0.117198 0.0136729
-0.116198 0.0134416
-0.115198 0.0132122
-0.114198 0.0129848
-0.113198 0.0127594
-0.112198 0.0125359
-0.111198 0.0123143
-0.110198 0.0120947
-0.109198 0.011877
-0.108198 0.0116613
-0.107198 0.0114476
-0.106198 0.0112358
-0.105198 0.011026
-0.104198 0.0108181
-0.103198 0.0106122
-0.102198 0.0104082
-0.101198 0.0102062
-0.100198 0.0100062
-0.0991976 0.00980807
-0.0981976 0.00961194
-0.0971976 0.00941778
-0.0961976 0.00922558
-0.0951976 0.00903534
-0.0941976 0.00884707
-0.0931976 0.00866077
-0.0921976 0.00847643
-0.0911976 0.00829405
-0.0901976 0.00811364
-0.0891976 0.0079352
-0.0881976 0.00775873
-0.0871976 0.00758423
-0.0861976 0.0074117
-0.0851976 0.00724114
-0.0841976 0.00707255
-0.0831976 0.00690593
-0.0821976 0.00674128
-0.0811976 0.00657861
-0.0801976 0.00641791
-0.0791976 0.00625919
-0.0781976 0.00610244
-0.0771976 0.00594767
-0.0761976 0.00579487
-0.0751976 0.00564405
-0.0741976 0.00549521
-0.0731976 0.00534834
-0.0721976 0.00520346
-0.0711976 0.00506055
-0.0701976 0.00491963
-0.0691976 0.00478068
-0.0681976 0.00464372
-0.0671976 0.00450873
-0.0661976 0.00437573
-0.0651976 0.00424471
-0.0641976 0.00411568
-0.0631976 0.00398863
-0.0621976 0.00386356
-0.0611976 0.00374048
-0.0601976 0.00361938
-0.0591976 0.00350027
-0.0581976 0.00338314
-0.0571976 0.003268
-0.0561976 0.00315485
-0.0551976 0.00304368
-0.0541976 0.0029345
-0.0531976 0.00282731
-0.0521976 0.00272211
-0.0511976 0.0026189
-0.0501976 0.00251768
-0.0491976 0.00241845
-0.0481976 0.00232121
-0.0471976 0.00222596
-0.0461976 0.0021327
-0.0451976 0.00204143
-0.0441976 0.00195215
-0.0431976 0.00186487
-0.0421976 0.00177958
-0.0411976 0.00169628
-0.0401976 0.00161497
-0.0391976 0.00153566
-0.0381976 0.00145834
-0.0371976 0.00138302
-0.0361976 0.00130969
-0.0351976 0.00123836
-0.0341976 0.00116902
-0.0331976 0.00110167
-0.0321976 0.00103632
-0.0311976 0.000972972
-0.0301976 0.000911615
-0.0291976 0.000852255
-0.0281976 0.000794891
-0.0271976 0.000739524
-0.0261976 0.000686155
-0.0251976 0.000634782
-0.0241976 0.000585407
-0.0231976 0.00053803
-0.0221976 0.00049265
-0.0211976 0.000449269
-0.0201976 0.000407886
-0.0191976 0.000368501
-0.0181976 0.000331114
-0.0171976 0.000295727
-0.0161976 0.000262338
-0.0151976 0.000230948
-0.0141976 0.000201557
-0.0131976 0.000174165
-0.0121976 0.000148773
-0.0111976 0.00012538
-0.0101976 0.000103986
-0.00919755 8.45926e-05
-0.00819755 6.71983e-05
-0.00719755 5.18038e-05
-0.00619755 3.84091e-05
-0.00519755 2.70143e-05
-0.00419755 1.76193e-05
-0.00319755 1.02243e-05
-0.00219755 4.82922e-06
-0.00119755 1.43413e-06
-0.000197551 3.90265e-08
0.000802449 6.43924e-07
0.00180245 3.24882e-06
0.00280245 7.8537e-06
0.00380245 1.44585e-05
0.00480245 2.30633e-05
0.00580245 3.3668e-05
0.00680245 4.62726e-05
0.00780245 6.0877e-05
0.00880245 7.74811e-05
0.00980245 9.60849e-05
0.0108024 0.000116688
0.0118024 0.000139291
0.0128024 0.000163894
0.0138024 0.000190495
0.0148024 0.000219096
0.0158024 0.000249697
0.0168024 0.000282296
0.0178024 0.000316894
0.0188024 0.00035349
0.0198024 0.000392086
0.0208024 0.000432679
0.0218024 0.000475271
0.0228024 0.000519862
0.0238024 0.00056645
0.0248024 0.000615035
0.0258024 0.000665619
0.0268024 0.000718199
0.0278024 0.000772777
0.0288024 0.000829352
0.0298024 0.000887923
0.0308024 0.000948491
0.0318024 0.00101105
0.0328024 0.00107561
0.0338024 0.00114217
0.0348024 0.00121072
0.0358024 0.00128127
0.0368024 0.00135381
0.0378024 0.00142835
0.0388024 0.00150488
0.0398024 0.0015834
0.0408024 0.00166392
0.0418024 0.00174643
0.0428024 0.00183093
0.0438024 0.00191743
0.0448024 0.00200592
0.0458024 0.0020964
0.0468024 0.00218887
0.0478024 0.00228334
0.0488024 0.00237979
0.0498024 0.00247824
0.0508024 0.00257867
0.0518024 0.0026811
0.0528024 0.00278551
0.0538024 0.00289192
0.0548024 0.00300031
0.0558024 0.00311069
0.0568024 0.00322305
0.0578024 0.00333741
0.0588024 0.00345375
0.0598024 0.00357208
0.0608024 0.00369239
0.0618024 0.00381469
0.0628024 0.00393897
0.0638024 0.00406524
0.0648024 0.00419349
0.0658024 0.00432373
0.0668024 0.00445595
0.0678024 0.00459015
0.0688024 0.00472633
0.0698024 0.00486449
0.0708024 0.00500464
0.0718024 0.00514676
0.0728024 0.00529086
0.0738024 0.00543694
0.0748024 0.00558501
0.0758024 0.00573504
0.0768024 0.00588706
0.0778024 0.00604105
0.0788024 0.00619702
0.0798024 0.00635496
0.0808024 0.00651488
0.0818024 0.00667677
0.0828024 0.00684064
0.0838024 0.00700648
0.0848024 0.00717429
0.0858024 0.00734407
0.0868024 0.00751583
0.0878024 0.00768955
0.0888024 0.00786524
0.0898024 0.00804291
0.0908024 0.00822254
0.0918024 0.00840413
0.0928024 0.0085877
0.0938024 0.00877323
0.0948024 0.00896072
0.0958024 0.00915018
0.0968024 0.00934161
0.0978024 0.00953499
0.0988024 0.00973034
0.0998024 0.00992765
0.100802 0.0101269
0.101802 0.0103282
0.102802 0.0105313
0.103802 0.0107365
0.104802 0.0109436
0.105802 0.0111527
0.106802 0.0113637
0.107802 0.0115767
0.108802 0.0117916
0.109802 0.0120085
0.110802 0.0122273
0.111802 0.0124481
0.112802 0.0126708
0.113802 0.0128955
0.114802 0.0131222
0.115802 0.0133507
0.116802 0.0135813
0.117802 0.0138138
0.118802 0.0140482
0.119802 0.0142845
0.120802 0.0145229
0.121802 0.0147631
0.122802 0.0150053
0.123802 0.0152495
0.124802 0.0154955
0.125802 0.0157435
0.126802 0.0159935
0.127802 0.0162454
0.128802 0.0164992
0.129802 0.016755
0.130802 0.0170127
0.131802 0.0172723
0.132802 0.0175339
0.133802 0.0177974
0.134802 0.0180628
0.135802 0.0183302
0.136802 0.0185995
0.137802 0.0188707
0.138802 0.0191438
0.139802 0.0194189
0.140802 0.0196959
0.141802 0.0199748
0.142802 0.0202556
0.143802 0.0205383
0.144802 0.020823
0.145802 0.0211096
0.146802 0.0213981
0.147802 0.0216885
0.148802 0.0219809
0.149802 0.0222751
0.150802 0.0225713
0.151802 0.0228694
0.152802 0.0231694
0.153802 0.0234713
0.154802 0.0237751
0.155802 0.0240808
0.156802 0.0243884
0.157802 0.024698
0.158802 0.0250094
0.159802 0.0253227
0.160802 0.025638
0.161802 0.0259551
0.162802 0.0262741
0.163802 0.0265951
0.164802 0.0269179
0.165802 0.0272426
0.166802 0.0275692
0.167802 0.0278978
0.168802 0.0282282
0.169802 0.0285605
0.170802 0.0288946
0.171802 0.0292307
0.172802 0.0295687
0.173802 0.0299085
0.174802 0.0302503
0.175802 0.0305939
0.176802 0.0309394
0.177802 0.0312867
0.178802 0.031636
0.179802 0.0319871
0.180802 0.0323402
0.181802 0.032695
0.182802 0.0330518
0.183802 0.0334104
0.184802 0.0337709
0.185802 0.0341333
0.186802 0.0344976
0.187802 0.0348637
0.188802 0.0352316
0.189802 0.0356015
0.190802 0.0359732
0.191802 0.0363468
0.192802 0.0367222
0.193802 0.0370995
0.194802 0.0374786
0.195802 0.0378596
0.196802 0.0382425
0.197802 0.0386272
0.198802 0.0390137
0.199802 0.0394022
0.200802 0.0397924
0.201802 0.0401845
0.202802 0.0405785
0.203802 0.0409743
0.204802 0.0413719
0.205802 0.0417714
0.206802 0.0421728
0.207802 0.0425759
0.208802 0.0429809
0.209802 0.0433878
0.210802 0.0437964
0.211802 0.044207
0.212802 0.0446193
0.213802 0.0450335
0.214802 0.0454495
0.215802 0.0458673
0.216802 0.046287
0.217802 0.0467084
0.218802 0.0471317
0.219802 0.0475569
0.220802 0.0479838
0.221802 0.0484126
0.222802 0.0488432
0.223802 0.0492755
0.224802 0.0497098
0.225802 0.0501458
0.226802 0.0505836
0.227802 0.0510232
0.228802 0.0514647
0.229802 0.051908
0.230802 0.052353
0.231802 0.0527999
0.232802 0.0532485
0.233802 0.053699
0.234802 0.0541513
0.235802 0.0546053
0.236802 0.0550612
0.237802 0.0555188
0.238802 0.0559782
0.239802 0.0564395
0.240802 0.0569025
0.241802 0.0573673
0.242802 0.0578339
0.243802 0.0583022
0.244802 0.0587724
0.245802 0.0592443
0.246802 0.059718
0.247802 0.0601935
0.248802 0.0606708
0.249802 0.0611498
0.250802 0.0616306
0.251802 0.0621132
0.252802 0.0625976
0.253802 0.0630837
0.254802 0.0635716
0.255802 0.0640612
0.256802 0.0645526
0.257802 0.0650458
0.258802 0.0655407
0.259802 0.0660374
0.260802 0.0665358
0.261802 0.067036
0.262802 0.0675379
0.263802 0.0680416
0.264802 0.0685471
0.265802 0.0690542
0.266802 0.0695632
0.267802 0.0700738
0.268802 0.0705863
0.269802 0.0711004
0.270802 0.0716163
0.271802 0.0721339
0.272802 0.0726533
0.273802 0.0731744
0.274802 0.0736972
0.275802 0.0742218
0.276802 0.0747481
0.277802 0.0752761
0.278802 0.0758058
0.279802 0.0763372
0.280802 0.0768704
0.281802 0.0774053
0.282802 0.0779419
0.283802 0.0784802
0.284802 0.0790203
0.285802 0.079562
0.286802 0.0801055
0.287802 0.0806506
0.288802 0.0811975
0.289802 0.0817461
0.290802 0.0822964
0.291802 0.0828483
0.292802 0.083402
0.293802 0.0839574
0.294802 0.0845144
0.295802 0.0850732
0.296802 0.0856336
0.297802 0.0861958
0.298802 0.0867596
0.299802 0.0873251
0.300802 0.0878923
0.301802 0.0884612
0.302802 0.0890318
0.303802 0.089604
0.304802 0.0901779
0.305802 0.0907535
0.306802 0.0913307
0.307802 0.0919097
0.308802 0.0924903
0.309802 0.0930725
0.310802 0.0936565
0.311802 0.0942421
0.312802 0.0948293
0.313802 0.0954182
0.314802 0.0960088
0.315802 0.096601
0.316802 0.0971949
0.317802 0.0977904
0.318802 0.0983876
0.319802 0.0989864
0.320802 0.0995869
0.321802 0.100189
0.322802 0.100793
0.323802 0.101398
0.324802 0.102005
0.325802 0.102614
0.326802 0.103224
0.327802 0.103836
0.328802 0.10445
0.329802 0.105065
0.330802 0.105682
0.331802 0.1063
0.332802 0.10692
0.333802 0.107542
0.334802 0.108165
0.335802 0.10879
0.336802 0.109417
0.337802 0.110045
0.338802 0.110675
0.339802 0.111306
0.340802 0.111939
0.341802 0.112574
0.342802 0.11321
0.343802 0.113848
0.344802 0.114487
0.345802 0.115128
0.346802 0.115771
0.347802 0.116415
0.348802 0.117061
0.349802 0.117708
0.350802 0.118357
0.351802 0.119008
0.352802 0.11966
0.353802 0.120313
0.354802 0.120969
0.355802 0.121626
0.356802 0.122284
0.357802 0.122944
0.358802 0.123606
0.359802 0.124269
0.360802 0.124934
0.361802 0.1256
0.362802 0.126268
0.363802 0.126937
0.364802 0.127608
0.365802 0.128281
0.366802 0.128955
0.367802 0.12963
0.368802 0.130308
0.369802 0.130986
0.370802 0.131667
0.371802 0.132348
0.372802 0.133032
0.373802 0.133717
0.374802 0.134403
0.375802 0.135091
0.376802 0.135781
0.377802 0.136472
0.378802 0.137164
0.379802 0.137859
0.380802 0.138554
0.381802 0.139251
0.382802 0.13995
0.383802 0.14065
0.384802 0.141352
0.385802 0.142055
0.386802 0.14276
0.387802 0.143466
0.388802 0.144174
0.389802 0.144884
0.390802 0.145594
0.391802 0.146307
0.392802 0.147021
0.393802 0.147736
0.394802 0.148453
0.395802 0.149171
0.396802 0.149891
0.397802 0.150612
0.398802 0.151335
0.399802 0.152059
0.400802 0.152785
0.401802 0.153512
0.402802 0.154241
0.403802 0.154971
0.404802 0.155703
0.405802 0.156436
0.406802 0.157171
0.407802 0.157907
0.408802 0.158645
0.409802 0.159384
0.410802 0.160124
0.411802 0.160866
0.412802 0.16161
0.413802 0.162355
0.414802 0.163101
0.415802 0.163849
0.416802 0.164598
0.417802 0.165349
0.418802 0.166101
0.419802 0.166855
0.420802 0.16761
0.421802 0.168366
0.422802 0.169124
0.423802 0.169884
0.424802 0.170645
0.425802 0.171407
0.426802 0.172171
0.427802 0.172936
0.428802 0.173702
0.429802 0.17447
0.430802 0.17524
0.431802 0.176011
0.432802 0.176783
0.433802 0.177557
0.434802 0.178332
0.435802 0.179108
0.436802 0.179886
0.437802 0.180665
0.438802 0.181446
0.439802 0.182228
0.440802 0.183012
0.441802 0.183797
0.442802 0.184583
0.443802 0.185371
0.444802 0.18616
0.445802 0.186951
0.446802 0.187743
0.447802 0.188536
0.448802 0.189331
0.449802 0.190127
0.450802 0.190924
0.451802 0.191723
0.452802 0.192523
0.453802 0.193325
0.454802 0.194128
0.455802 0.194932
0.456802 0.195738
0.457802 0.196545
0.458802 0.197354
0.459802 0.198164
0.460802 0.198975
0.461802 0.199787
0.462802 0.200601
0.463802 0.201417
0.464802 0.202233
0.465802 0.203051
0.466802 0.203871
0.467802 0.204691
0.468802 0.205513
0.469802 0.206337
0.470802 0.207162
0.471802 0.207988
0.472802 0.208815
0.473802 0.209644
0.474802 0.210474
0.475802 0.211305
0.476802 0.212138
0.477802 0.212972
0.478802 0.213807
0.479802 0.214644
0.480802 0.215482
0.481802 0.216322
0.482802 0.217162
0.483802 0.218004
0.484802 0.218847
0.485802 0.219692
0.486802 0.220538
0.487802 0.221385
0.488802 0.222234
0.489802 0.223084
0.490802 0.223935
0.491802 0.224787
0.492802 0.225641
0.493802 0.226496
0.494802 0.227352
0.495802 0.22821
0.496802 0.229069
0.497802 0.229929
0.498802 0.23079
0.499802 0.231653
0.500802 0.232517
0.501802 0.233383
0.502802 0.234249
0.503802 0.235117
0.504802 0.235986
0.505802 0.236857
0.506802 0.237728
0.507802 0.238601
0.508802 0.239475
0.509802 0.240351
0.510802 0.241228
0.511802 0.242106
0.512802 0.242985
0.513802 0.243865
0.514802 0.244747
0.515802 0.24563
0.516802 0.246514
0.517802 0.2474
0.518802 0.248286
0.519802 0.249174
0.520802 0.250064
0.521802 0.250954
0.522802 0.251846
0.523802 0.252739
0.524802 0.253633
0.525802 0.254528
0.526802 0.255425
0.527802 0.256323
0.528802 0.257222
0.529802 0.258122
0.530802 0.259024
0.531802 0.259926
0.532802 0.26083
0.533802 0.261735
0.534802 0.262642
0.535802 0.263549
0.536802 0.264458
0.537802 0.265368
0.538802 0.266279
0.539802 0.267192
0.540802 0.268105
0.541802 0.26902
0.542802 0.269936
0.543802 0.270853
0.544802 0.271771
0.545802 0.272691
0.546802 0.273612
0.547802 0.274534
0.548802 0.275457
0.549802 0.276381
0.550802 0.277306
0.551802 0.278233
0.552802 0.279161
0.553802 0.28009
0.554802 0.28102
0.555802 0.281951
0.556802 0.282884
0.557802 0.283818
0.558802 0.284752
0.559802 0.285688
0.560802 0.286626
0.561802 0.287564
0.562802 0.288503
0.563802 0.289444
0.564802 0.290386
0.565802 0.291329
0.566802 0.292273
0.567802 0.293218
0.568802 0.294164
0.569802 0.295112
0.570802 0.29606
0.571802 0.29701
0.572802 0.297961
0.573802 0.298913
0.574802 0.299866
0.575802 0.300821
0.576802 0.301776
0.577802 0.302733
0.578802 0.30369
0.579802 0.304649
0.580802 0.305609
0.581802 0.30657
0.582802 0.307532
0.583802 0.308495
0.584802 0.30946
0.585802 0.310425
0.586802 0.311392
0.587802 0.31236
0.588802 0.313328
0.589802 0.314298
0.590802 0.315269
0.591802 0.316242
0.592802 0.317215
0.593802 0.318189
0.594802 0.319164
0.595802 0.320141
0.596802 0.321119
0.597802 0.322097
0.598802 0.323077
0.599802 0.324058
0.600802 0.32504
0.601802 0.326023
0.602802 0.327007
0.603802 0.327992
0.604802 0.328978
0.605802 0.329966
0.606802 0.330954
0.607802 0.331943
0.608802 0.332934
0.609802 0.333925
0.610802 0.334918
0.611802 0.335912
0.612802 0.336906
0.613802 0.337902
0.614802 0.338899
0.615802 0.339897
0.616802 0.340896
0.617802 0.341896
0.618802 0.342897
0.619802 0.343899
0.620802 0.344902
0.621802 0.345907
0.622802 0.346912
0.623802 0.347918
0.624802 0.348925
0.625802 0.349934
0.626802 0.350943
0.627802 0.351954
0.628802 0.352965
0.629802 0.353978
0.630802 0.354991
0.631802 0.356006
0.632802 0.357021
0.633802 0.358038
0.634802 0.359055
0.635802 0.360074
0.636802 0.361093
0.637802 0.362114
0.638802 0.363136
0.639802 0.364158
0.640802 0.365182
0.641802 0.366207
0.642802 0.367232
0.643802 0.368259
0.644802 0.369287
0.645802 0.370315
0.646802 0.371345
0.647802 0.372376
0.648802 0.373407
0.649802 0.37444
0.650802 0.375473
0.651802 0.376508
0.652802 0.377544
0.653802 0.37858
0.654802 0.379618
0.655802 0.380656
0.656802 0.381696
0.657802 0.382736
0.658802 0.383778
0.659802 0.38482
0.660802 0.385864
0.661802 0.386908
0.662802 0.387953
0.663802 0.389
0.664802 0.390047
0.665802 0.391095
0.666802 0.392144
0.667802 0.393194
0.668802 0.394246
0.669802 0.395298
0.670802 0.396351
0.671802 0.397405
0.672802 0.398459
0.673802 0.399515
0.674802 0.400572
0.675802 0.40163
0.676802 0.402689
0.677802 0.403748
0.678802 0.404809
0.679802 0.40587
0.680802 0.406933
0.681802 0.407996
0.682802 0.40906
0.683802 0.410126
0.684802 0.411192
0.685802 0.412259
0.686802 0.413327
0.687802 0.414396
0.688802 0.415466
0.689802 0.416537
0.690802 0.417608
0.691802 0.418681
0.692802 0.419754
0.693802 0.420829
0.694802 0.421904
0.695802 0.422981
0.696802 0.424058
0.697802 0.425136
0.698802 0.426215
0.699802 0.427295
0.700802 0.428376
0.701802 0.429457
0.702802 0.43054
0.703802 0.431623
0.704802 0.432708
0.705802 0.433793
0.706802 0.434879
0.707802 0.435966
0.708802 0.437054
0.709802 0.438143
0.710802 0.439233
0.711802 0.440323
0.712802 0.441415
0.713802 0.442507
0.714802 0.4436
0.715802 0.444694
0.716802 0.445789
0.717802 0.446885
0.718802 0.447982
0.719802 0.44908
0.720802 0.450178
0.721802 0.451277
0.722802 0.452378
0.723802 0.453479
0.724802 0.454581
0.725802 0.455683
0.726802 0.456787
0.727802 0.457892
0.728802 0.458997
0.729802 0.460103
0.730802 0.46121
0.731802 0.462318
0.732802 0.463427
0.733802 0.464536
0.734802 0.465647
0.735802 0.466758
0.736802 0.46787
0.737802 0.468983
0.738802 0.470097
0.739802 0.471212
0.740802 0.472327
0.741802 0.473444
0.742802 0.474561
0.743802 0.475679
0.744802 0.476797
0.745802 0.477917
0.746802 0.479038
0.747802 0.480159
0.748802 0.481281
0.749802 0.482404
0.750802 0.483528
0.751802 0.484652
0.752802 0.485778
0.753802 0.486904
0.754802 0.488031
0.755802 0.489159
0.756802 0.490287
0.757802 0.491417
0.758802 0.492547
0.759802 0.493678
0.760802 0.49481
0.761802 0.495943
0.762802 0.497076
0.763802 0.49821
0.764802 0.499345
0.765802 0.500481
0.766802 0.501618
0.767802 0.502755
0.768802 0.503893
0.769802 0.505033
0.770802 0.506172
0.771802 0.507313
0.772802 0.508454
0.773802 0.509596
0.774802 0.510739
0.775802 0.511883
0.776802 0.513028
0.777802 0.514173
0.778802 0.515319
0.779802 0.516466
0.780802 0.517613
0.781802 0.518762
0.782802 0.519911
0.783802 0.521061
0.784802 0.522212
0.785802 0.523363
0.786802 0.524515
0.787802 0.525668
0.788802 0.526822
0.789802 0.527977
0.790802 0.529132
0.791802 0.530288
0.792802 0.531445
0.793802 0.532602
0.794802 0.53376
0.795802 0.534919
0.796802 0.536079
0.797802 0.53724
0.798802 0.538401
0.799802 0.539563
0.800802 0.540726
0.801802 0.541889
0.802802 0.543054
0.803802 0.544219
0.804802 0.545384
0.805802 0.546551
0.806802 0.547718
0.807802 0.548886
0.808802 0.550055
0.809802 0.551224
0.810802 0.552394
0.811802 0.553565
0.812802 0.554737
0.813802 0.555909
0.814802 0.557082
0.815802 0.558256
0.816802 0.55943
0.817802 0.560605
0.818802 0.561781
0.819802 0.562958
0.820802 0.564135
0.821802 0.565313
0.822802 0.566492
0.823802 0.567672
0.824802 0.568852
0.825802 0.570033
0.826802 0.571214
0.827802 0.572397
0.828802 0.57358
0.829802 0.574763
0.830802 0.575948
0.831802 0.577133
0.832802 0.578319
0.833802 0.579505
0.834802 0.580692
0.835802 0.58188
0.836802 0.583069
0.837802 0.584258
0.838802 0.585448
0.839802 0.586639
0.840802 0.58783
0.841802 0.589022
0.842802 0.590215
0.843802 0.591409
0.844802 0.592603
0.845802 0.593797
0.846802 0.594993
0.847802 0.596189
0.848802 0.597386
0.849802 0.598583
0.850802 0.599781
0.851802 0.60098
0.852802 0.60218
0.853802 0.60338
0.854802 0.604581
0.855802 0.605782
0.856802 0.606985
0.857802 0.608187
0.858802 0.609391
0.859802 0.610595
0.860802 0.6118
0.861802 0.613005
0.862802 0.614212
0.863802 0.615418
0.864802 0.616626
0.865802 0.617834
0.866802 0.619043
0.867802 0.620252
0.868802 0.621462
0.869802 0.622673
0.870802 0.623884
0.871802 0.625096
0.872802 0.626309
0.873802 0.627522
0.874802 0.628736
0.875802 0.629951
0.876802 0.631166
0.877802 0.632382
0.878802 0.633599
0.879802 0.634816
0.880802 0.636034
0.881802 0.637252
0.882802 0.638471
0.883802 0.639691
0.884802 0.640911
0.885802 0.642132
0.886802 0.643354
0.887802 0.644576
0.888802 0.645799
0.889802 0.647022
0.890802 0.648246
0.891802 0.649471
0.892802 0.650696
0.893802 0.651922
0.894802 0.653149
0.895802 0.654376
0.896802 0.655604
0.897802 0.656832
0.898802 0.658061
0.899802 0.659291
0.900802 0.660521
0.901802 0.661752
0.902802 0.662983
0.903802 0.664215
0.904802 0.665448
0.905802 0.666681
0.906802 0.667915
0.907802 0.66915
0.908802 0.670385
0.909802 0.67162
0.910802 0.672857
0.911802 0.674093
0.912802 0.675331
0.913802 0.676569
0.914802 0.677808
0.915802 0.679047
0.916802 0.680287
0.917802 0.681527
0.918802 0.682768
0.919802 0.68401
0.920802 0.685252
0.921802 0.686495
0.922802 0.687738
0.923802 0.688982
0.924802 0.690227
0.925802 0.691472
0.926802 0.692717
0.927802 0.693964
0.928802 0.695211
0.929802 0.696458
0.930802 0.697706
0.931802 0.698955
0.932802 0.700204
0.933802 0.701453
0.934802 0.702704
0.935802 0.703955
0.936802 0.705206
0.937802 0.706458
0.938802 0.707711
0.939802 0.708964
0.940802 0.710217
0.941802 0.711472
0.942802 0.712727
0.943802 0.713982
0.944802 0.715238
0.945802 0.716494
0.946802 0.717751
0.947802 0.719009
0.948802 0.720267
0.949802 0.721526
0.950802 0.722785
0.951802 0.724045
0.952802 0.725305
0.953802 0.726566
0.954802 0.727828
0.955802 0.72909
0.956802 0.730352
0.957802 0.731615
0.958802 0.732879
0.959802 0.734143
0.960802 0.735408
0.961802 0.736673
0.962802 0.737939
0.963802 0.739206
0.964802 0.740472
0.965802 0.74174
0.966802 0.743008
0.967802 0.744276
0.968802 0.745545
0.969802 0.746815
0.970802 0.748085
0.971802 0.749356
0.972802 0.750627
0.973802 0.751898
0.974802 0.753171
0.975802 0.754443
0.976802 0.755717
0.977802 0.75699
0.978802 0.758265
0.979802 0.75954
0.980802 0.760815
0.981802 0.762091
0.982802 0.763367
0.983802 0.764644
0.984802 0.765922
0.985802 0.7672
0.986802 0.768478
0.987802 0.769757
0.988802 0.771036
0.989802 0.772316
0.990802 0.773597
0.991802 0.774878
0.992802 0.776159
0.993802 0.777441
0.994802 0.778724
0.995802 0.780007
0.996802 0.781291
0.997802 0.782575
0.998802 0.783859
0.999802 0.785144
1.0008 0.78643
1.0018 0.787716
1.0028 0.789002
1.0038 0.790289
1.0048 0.791577
1.0058 0.792865
1.0068 0.794154
1.0078 0.795443
1.0088 0.796732
1.0098 0.798022
1.0108 0.799313
1.0118 0.800604
1.0128 0.801895
1.0138 0.803187
1.0148 0.804479
1.0158 0.805772
1.0168 0.807066
1.0178 0.80836
1.0188 0.809654
1.0198 0.810949
1.0208 0.812244
1.0218 0.81354
1.0228 0.814836
1.0238 0.816133
1.0248 0.81743
1.0258 0.818728
1.0268 0.820026
1.0278 0.821325
1.0288 0.822624
1.0298 0.823924
1.0308 0.825224
1.0318 0.826525
1.0328 0.827826
1.0338 0.829127
1.0348 0.830429
1.0358 0.831732
1.0368 0.833034
1.0378 0.834338
1.0388 0.835642
1.0398 0.836946
1.0408 0.838251
1.0418 0.839556
1.0428 0.840862
1.0438 0.842168
1.0448 0.843474
1.0458 0.844781
1.0468 0.846089
