-1.0472 0
-1.0462 -0.00268348
-1.0452 -0.00532175
-1.0442 -0.00791511
-1.0432 -0.0104638
-1.0422 -0.0129682
-1.0412 -0.0154286
-1.0402 -0.0178452
-1.0392 -0.0202184
-1.0382 -0.0225484
-1.0372 -0.0248355
-1.0362 -0.02708
-1.0352 -0.0292822
-1.0342 -0.0314424
-1.0332 -0.0335609
-1.0322 -0.035638
-1.0312 -0.0376739
-1.0302 -0.039669
-1.0292 -0.0416235
-1.0282 -0.0435378
-1.0272 -0.045412
-1.0262 -0.0472466
-1.0252 -0.0490417
-1.0242 -0.0507977
-1.0232 -0.0525149
-1.0222 -0.0541936
-1.0212 -0.055834
-1.0202 -0.0574364
-1.0192 -0.0590011
-1.0182 -0.0605285
-1.0172 -0.0620187
-1.0162 -0.0634721
-1.0152 -0.064889
-1.0142 -0.0662696
-1.0132 -0.0676142
-1.0122 -0.0689232
-1.0112 -0.0701968
-1.0102 -0.0714352
-1.0092 -0.0726388
-1.0082 -0.0738079
-1.0072 -0.0749428
-1.0062 -0.0760436
-1.0052 -0.0771108
-1.0042 -0.0781445
-1.0032 -0.0791452
-1.0022 -0.080113
-1.0012 -0.0810482
-1.0002 -0.0819512
-0.999198 -0.0828222
-0.998198 -0.0836615
-0.997198 -0.0844694
-0.996198 -0.0852461
-0.995198 -0.085992
-0.994198 -0.0867073
-0.993198 -0.0873923
-0.992198 -0.0880473
-0.991198 -0.0886725
-0.990198 -0.0892683
-0.989198 -0.089835
-0.988198 -0.0903727
-0.987198 -0.0908819
-0.986198 -0.0913627
-0.985198 -0.0918154
-0.984198 -0.0922404
-0.983198 -0.0926379
-0.982198 -0.0930082
-0.981198 -0.0933516
-0.980198 -0.0936683
-0.979198 -0.0939587
-0.978198 -0.094223
-0.977198 -0.0944614
-0.976198 -0.0946743
-0.975198 -0.094862
-0.974198 -0.0950247
-0.973198 -0.0951626
-0.972198 -0.0952762
-0.971198 -0.0953656
-0.970198 -0.0954311
-0.969198 -0.0954731
-0.968198 -0.0954917
-0.967198 -0.0954873
-0.966198 -0.0954601
-0.965198 -0.0954104
-0.964198 -0.0953385
-0.963198 -0.0952447
-0.962198 -0.0951292
-0.961198 -0.0949924
-0.960198 -0.0948344
-0.959198 -0.0946556
-0.958198 -0.0944562
-0.957198 -0.0942366
-0.956198 -0.0939969
-0.955198 -0.0937375
-0.954198 -0.0934586
-0.953198 -0.0931605
-0.952198 -0.0928435
-0.951198 -0.0925079
-0.950198 -0.0921539
-0.949198 -0.0917818
-0.948198 -0.0913918
-0.947198 -0.0909844
-0.946198 -0.0905596
-0.945198 -0.0901178
-0.944198 -0.0896593
-0.943198 -0.0891843
-0.942198 -0.144491
-0.941198 -0.142397
-0.940198 -0.140317
-0.939198 -0.138252
-0.938198 -0.136201
-0.937198 -0.134166
-0.936198 -0.132144
-0.935198 -0.130138
-0.934198 -0.128146
-0.933198 -0.126169
-0.932198 -0.124206
-0.931198 -0.122257
-0.930198 -0.120324
-0.929198 -0.118404
-0.928198 -0.1165
-0.927198 -0.114609
-0.926198 -0.112733
-0.925198 -0.110871
-0.924198 -0.109024
-0.923198 -0.107191
-0.922198 -0.105372
-0.921198 -0.103568
-0.920198 -0.101778
-0.919198 -0.100001
-0.918198 -0.0982396
-0.917198 -0.0964919
-0.916198 -0.0947583
-0.915198 -0.0930388
-0.914198 -0.0913334
-0.913198 -0.089642
-0.912198 -0.0879646
-0.911198 -0.0863011
-0.910198 -0.0846516
-0.909198 -0.0830161
-0.908198 -0.0813944
-0.907198 -0.0797865
-0.906198 -0.0781925
-0.905198 -0.0766123
-0.904198 -0.0750458
-0.903198 -0.0734931
-0.902198 -0.071954
-0.901198 -0.0704287
-0.900198 -0.0689169
-0.899198 -0.0674188
-0.898198 -0.0659342
-0.897198 -0.0644632
-0.896198 -0.0630056
-0.895198 -0.0615616
-0.894198 -0.0601309
-0.893198 -0.0587137
-0.892198 -0.0573098
-0.891198 -0.0559193
-0.890198 -0.0545421
-0.889198 -0.0531781
-0.888198 -0.0518274
-0.887198 -0.0504898
-0.886198 -0.0491655
-0.885198 -0.0478542
-0.884198 -0.046556
-0.883198 -0.0452709
-0.882198 -0.0439988
-0.881198 -0.0427397
-0.880198 -0.0414935
-0.879198 -0.0402603
-0.878198 -0.0390399
-0.877198 -0.0378323
-0.876198 -0.0366375
-0.875198 -0.0354555
-0.874198 -0.0342862
-0.873198 -0.0331296
-0.872198 -0.0319856
-0.871198 -0.0308542
-0.870198 -0.0297354
-0.869198 -0.0286291
-0.868198 -0.0275353
-0.867198 -0.026454
-0.866198 -0.025385
-0.865198 -0.0243284
-0.864198 -0.0232842
-0.863198 -0.0222522
-0.862198 -0.0212324
-0.861198 -0.0202249
-0.860198 -0.0192295
-0.859198 -0.0182463
-0.858198 -0.0172751
-0.857198 -0.016316
-0.856198 -0.0153688
-0.855198 -0.0144336
-0.854198 -0.0135103
-0.853198 -0.0125989
-0.852198 -0.0116993
-0.851198 -0.0108114
-0.850198 -0.00993534
-0.849198 -0.00907093
-0.848198 -0.00821817
-0.847198 -0.00737701
-0.846198 -0.0065474
-0.845198 -0.00572931
-0.844198 -0.00492269
-0.843198 -0.00412748
-0.842198 -0.00334365
-0.841198 -0.00257116
-0.840198 -0.00180994
-0.839198 -0.00105996
-0.838198 -0.000321176
-0.837198 0.000406466
-0.836198 0.00112301
-0.835198 0.00182851
-0.834198 0.002523
-0.833198 0.00320654
-0.832198 0.00387918
-0.831198 0.00454095
-0.830198 0.00519192
-0.829198 0.00583212
-0.828198 0.00646161
-0.827198 0.00708044
-0.826198 0.00768866
-0.825198 0.00828631
-0.824198 0.00887345
-0.823198 0.00945013
-0.822198 0.0100164
-0.821198 0.0105723
-0.820198 0.0111179
-0.819198 0.0116532
-0.818198 0.0121783
-0.817198 0.0126933
-0.816198 0.0131982
-0.815198 0.013693
-0.814198 0.0141778
-0.813198 0.0146526
-0.812198 0.0151176
-0.811198 0.0155727
-0.810198 0.016018
-0.809198 0.0164536
-0.808198 0.0168795
-0.807198 0.0172958
-0.806198 0.0177025
-0.805198 0.0180997
-0.804198 0.0184874
-0.803198 0.0188657
-0.802198 0.0192347
-0.801198 0.0195944
-0.800198 0.0199448
-0.799198 0.020286
-0.798198 0.0206181
-0.797198 0.0209412
-0.796198 0.0212552
-0.795198 0.0215602
-0.794198 0.0218564
-0.793198 0.0221437
-0.792198 0.0224222
-0.791198 0.022692
-0.790198 0.0229531
-0.789198 0.0232056
-0.788198 0.0234495
-0.787198 0.023685
-0.786198 0.023912
-0.785198 0.0241306
-0.784198 0.024341
-0.783198 0.024543
-0.782198 0.0247369
-0.781198 0.0249226
-0.780198 0.0251003
-0.779198 0.0252699
-0.778198 0.0254316
-0.777198 0.0255854
-0.776198 0.0257313
-0.775198 0.0258695
-0.774198 0.026
-0.773198 0.0261228
-0.772198 0.026238
-0.771198 0.0263458
-0.770198 0.026446
-0.769198 0.0265389
-0.768198 0.0266245
-0.767198 0.0267027
-0.766198 0.0267738
-0.765198 0.0268378
-0.764198 0.0268946
-0.763198 0.0269445
-0.762198 0.0269874
-0.761198 0.0270234
-0.760198 0.0270527
-0.759198 0.0270751
-0.758198 0.0270909
-0.757198 0.0271001
-0.756198 0.0271027
-0.755198 0.0270989
-0.754198 0.0270886
-0.753198 0.027072
-0.752198 0.0270491
-0.751198 0.02702
-0.750198 0.0269848
-0.749198 0.0269434
-0.748198 0.0268961
-0.747198 0.0268428
-0.746198 0.0267837
-0.745198 0.0267187
-0.744198 0.026648
-0.743198 0.0265717
-0.742198 0.0264898
-0.741198 0.0264023
-0.740198 0.0263094
-0.739198 0.0262111
-0.738198 0.0261075
-0.737198 0.0259987
-0.736198 0.0258847
-0.735198 0.0257656
-0.734198 0.0256414
-0.733198 0.0255124
-0.732198 0.0506671
-0.731198 0.049805
-0.730198 0.0489521
-0.729198 0.0481083
-0.728198 0.0472736
-0.727198 0.0464479
-0.726198 0.0456312
-0.725198 0.0448233
-0.724198 0.0440242
-0.723198 0.0432339
-0.722198 0.0424523
-0.721198 0.0416794
-0.720198 0.040915
-0.719198 0.0401591
-0.718198 0.0394117
-0.717198 0.0386727
-0.716198 0.0379421
-0.715198 0.0372197
-0.714198 0.0365055
-0.713198 0.0357995
-0.712198 0.0351017
-0.711198 0.0344118
-0.710198 0.03373
-0.709198 0.033056
-0.708198 0.03239
-0.707198 0.0317318
-0.706198 0.0310813
-0.705198 0.0304386
-0.704198 0.0298034
-0.703198 0.0291759
-0.702198 0.0285559
-0.701198 0.0279434
-0.700198 0.0273384
-0.699198 0.0267407
-0.698198 0.0261503
-0.697198 0.0255671
-0.696198 0.0249912
-0.695198 0.0244224
-0.694198 0.0238608
-0.693198 0.0233061
-0.692198 0.0227585
-0.691198 0.0222178
-0.690198 0.021684
-0.689198 0.021157
-0.688198 0.0206368
-0.687198 0.0201233
-0.686198 0.0196165
-0.685198 0.0191163
-0.684198 0.0186227
-0.683198 0.0181356
-0.682198 0.0176549
-0.681198 0.0171807
-0.680198 0.0167129
-0.679198 0.0162514
-0.678198 0.0157961
-0.677198 0.015347
-0.676198 0.0149042
-0.675198 0.0144674
-0.674198 0.0140367
-0.673198 0.013612
-0.672198 0.0131933
-0.671198 0.0127805
-0.670198 0.0123736
-0.669198 0.0119725
-0.668198 0.0115771
-0.667198 0.0111875
-0.666198 0.0108036
-0.665198 0.0104253
-0.664198 0.0100526
-0.663198 0.00968546
-0.662198 0.00932379
-0.661198 0.00896756
-0.660198 0.00861674
-0.659198 0.00827126
-0.658198 0.00793109
-0.657198 0.00759619
-0.656198 0.0072665
-0.655198 0.00694198
-0.654198 0.00662259
-0.653198 0.00630828
-0.652198 0.005999
-0.651198 0.00569473
-0.650198 0.00539539
-0.649198 0.00510097
-0.648198 0.00481141
-0.647198 0.00452666
-0.646198 0.00424669
-0.645198 0.00397145
-0.644198 0.0037009
-0.643198 0.003435
-0.642198 0.00317371
-0.641198 0.00291697
-0.640198 0.00266476
-0.639198 0.00241702
-0.638198 0.00217373
-0.637198 0.00193483
-0.636198 0.00170028
-0.635198 0.00147006
-0.634198 0.0012441
-0.633198 0.00102238
-0.632198 0.00080485
-0.631198 0.000591476
-0.630198 0.000382215
-0.629198 0.000177029
-0.628198 -2.41219e-05
-0.627198 -0.000221277
-0.626198 -0.000414476
-0.625198 -0.000603756
-0.624198 -0.000789156
-0.623198 -0.000970715
-0.622198 -0.00114847
-0.621198 -0.00132246
-0.620198 -0.00149272
-0.619198 -0.0016593
-0.618198 -0.00182222
-0.617198 -0.00198152
-0.616198 -0.00213724
-0.615198 -0.00228943
-0.614198 -0.0024381
-0.613198 -0.00258331
-0.612198 -0.00272508
-0.611198 -0.00286346
-0.610198 -0.00299848
-0.609198 -0.00313017
-0.608198 -0.00325856
-0.607198 -0.00338371
-0.606198 -0.00350563
-0.605198 -0.00362436
-0.604198 -0.00373995
-0.603198 -0.00385242
-0.602198 -0.0039618
-0.601198 -0.00406814
-0.600198 -0.00417146
-0.599198 -0.00427179
-0.598198 -0.00436919
-0.597198 -0.00446366
-0.596198 -0.00455526
-0.595198 -0.004644
-0.594198 -0.00472993
-0.593198 -0.00481307
-0.592198 -0.00489347
-0.591198 -0.00497114
-0.590198 -0.00504613
-0.589198 -0.00511846
-0.588198 -0.00518817
-0.587198 -0.00525528
-0.586198 -0.00531983
-0.585198 -0.00538186
-0.584198 -0.00544138
-0.583198 -0.00549844
-0.582198 -0.00555305
-0.581198 -0.00560526
-0.580198 -0.00565509
-0.579198 -0.00570258
-0.578198 -0.00574774
-0.577198 -0.00579062
-0.576198 -0.00583124
-0.575198 -0.00586963
-0.574198 -0.00590582
-0.573198 -0.00593983
-0.572198 -0.00597171
-0.571198 -0.00600147
-0.570198 -0.00602915
-0.569198 -0.00605477
-0.568198 -0.00607836
-0.567198 -0.00609995
-0.566198 -0.00611957
-0.565198 -0.00613724
-0.564198 -0.006153
-0.563198 -0.00616686
-0.562198 -0.00617887
-0.561198 -0.00618903
-0.560198 -0.00619739
-0.559198 -0.00620397
-0.558198 -0.00620879
-0.557198 -0.00621188
-0.556198 -0.00621326
-0.555198 -0.00621298
-0.554198 -0.00621104
-0.553198 -0.00620747
-0.552198 -0.00620231
-0.551198 -0.00619557
-0.550198 -0.00618729
-0.549198 -0.00617748
-0.548198 -0.00616617
-0.547198 -0.00615339
-0.546198 -0.00613917
-0.545198 -0.00612352
-0.544198 -0.00610647
-0.543198 -0.00608805
-0.542198 -0.00606828
-0.541198 -0.00604718
-0.540198 -0.00602478
-0.539198 -0.0060011
-0.538198 -0.00597617
-0.537198 -0.00595001
-0.536198 -0.00592264
-0.535198 -0.00589409
-0.534198 -0.00586438
-0.533198 -0.00583353
-0.532198 -0.00580156
-0.531198 -0.00576851
-0.530198 -0.00573439
-0.529198 -0.00569922
-0.528198 -0.00566302
-0.527198 -0.00562583
-0.526198 -0.00558766
-0.525198 -0.00554853
-0.524198 -0.00550847
-0.523198 -0.0122517
-0.522198 -0.0120166
-0.521198 -0.0117843
-0.520198 -0.0115549
-0.519198 -0.0113282
-0.518198 -0.0111044
-0.517198 -0.0108833
-0.516198 -0.010665
-0.515198 -0.0104495
-0.514198 -0.0102366
-0.513198 -0.0100265
-0.512198 -0.00981913
-0.511198 -0.00961442
-0.510198 -0.00941238
-0.509198 -0.00921299
-0.508198 -0.00901625
-0.507198 -0.00882213
-0.506198 -0.00863063
-0.505198 -0.00844171
-0.504198 -0.00825538
-0.503198 -0.00807161
-0.502198 -0.00789039
-0.501198 -0.0077117
-0.500198 -0.00753552
-0.499198 -0.00736184
-0.498198 -0.00719064
-0.497198 -0.00702191
-0.496198 -0.00685563
-0.495198 -0.00669178
-0.494198 -0.00653034
-0.493198 -0.00637131
-0.492198 -0.00621465
-0.491198 -0.00606037
-0.490198 -0.00590842
-0.489198 -0.00575881
-0.488198 -0.00561152
-0.487198 -0.00546652
-0.486198 -0.0053238
-0.485198 -0.00518334
-0.484198 -0.00504513
-0.483198 -0.00490914
-0.482198 -0.00477536
-0.481198 -0.00464378
-0.480198 -0.00451437
-0.479198 -0.00438711
-0.478198 -0.004262
-0.477198 -0.00413901
-0.476198 -0.00401812
-0.475198 -0.00389931
-0.474198 -0.00378258
-0.473198 -0.00366789
-0.472198 -0.00355524
-0.471198 -0.0034446
-0.470198 -0.00333595
-0.469198 -0.00322928
-0.468198 -0.00312457
-0.467198 -0.00302181
-0.466198 -0.00292096
-0.465198 -0.00282202
-0.464198 -0.00272497
-0.463198 -0.00262978
-0.462198 -0.00253644
-0.461198 -0.00244494
-0.460198 -0.00235525
-0.459198 -0.00226735
-0.458198 -0.00218122
-0.457198 -0.00209686
-0.456198 -0.00201423
-0.455198 -0.00193332
-0.454198 -0.00185412
-0.453198 -0.00177659
-0.452198 -0.00170074
-0.451198 -0.00162652
-0.450198 -0.00155394
-0.449198 -0.00148296
-0.448198 -0.00141358
-0.447198 -0.00134576
-0.446198 -0.0012795
-0.445198 -0.00121478
-0.444198 -0.00115157
-0.443198 -0.00108985
-0.442198 -0.00102962
-0.441198 -0.000970841
-0.440198 -0.000913508
-0.439198 -0.000857597
-0.438198 -0.00080309
-0.437198 -0.000749969
-0.436198 -0.000698216
-0.435198 -0.000647811
-0.434198 -0.000598736
-0.433198 -0.000550973
-0.432198 -0.000504504
-0.431198 -0.000459309
-0.430198 -0.000415371
-0.429198 -0.000372672
-0.428198 -0.000331192
-0.427198 -0.000290913
-0.426198 -0.000251818
-0.425198 -0.000213888
-0.424198 -0.000177105
-0.423198 -0.00014145
-0.422198 -0.000106906
-0.421198 -7.34548e-05
-0.420198 -4.10779e-05
-0.419198 -9.75755e-06
-0.418198 2.05242e-05
-0.417198 4.97853e-05
-0.416198 7.80435e-05
-0.415198 0.000105316
-0.414198 0.000131622
-0.413198 0.000156978
-0.412198 0.000181402
-0.411198 0.000204911
-0.410198 0.000227523
-0.409198 0.000249255
-0.408198 0.000270124
-0.407198 0.000290149
-0.406198 0.000309345
-0.405198 0.000327731
-0.404198 0.000345323
-0.403198 0.000362137
-0.402198 0.000378192
-0.401198 0.000393504
-0.400198 0.000408089
-0.399198 0.000421965
-0.398198 0.000435147
-0.397198 0.000447652
-0.396198 0.000459497
-0.395198 0.000470698
-0.394198 0.00048127
-0.393198 0.000491231
-0.392198 0.000500595
-0.391198 0.00050938
-0.390198 0.0005176
-0.389198 0.000525271
-0.388198 0.000532409
-0.387198 0.00053903
-0.386198 0.000545148
-0.385198 0.000550779
-0.384198 0.000555937
-0.383198 0.000560639
-0.382198 0.000564899
-0.381198 0.000568731
-0.380198 0.00057215
-0.379198 0.00057517
-0.378198 0.000577807
-0.377198 0.000580074
-0.376198 0.000581985
-0.375198 0.000583554
-0.374198 0.000584795
-0.373198 0.000585722
-0.372198 0.000586348
-0.371198 0.000586687
-0.370198 0.000586752
-0.369198 0.000586555
-0.368198 0.000586111
-0.367198 0.000585431
-0.366198 0.000584528
-0.365198 0.000583415
-0.364198 0.000582105
-0.363198 0.000580608
-0.362198 0.000578938
-0.361198 0.000577106
-0.360198 0.000575124
-0.359198 0.000573003
-0.358198 0.000570755
-0.357198 0.00056839
-0.356198 0.00056592
-0.355198 0.000563355
-0.354198 0.000560707
-0.353198 0.000557985
-0.352198 0.000555199
-0.351198 0.000552361
-0.350198 0.000549479
-0.349198 0.000546563
-0.348198 0.000543623
-0.347198 0.000540668
-0.346198 0.000537707
-0.345198 0.000534749
-0.344198 0.000531803
-0.343198 0.000528877
-0.342198 0.000525979
-0.341198 0.000523118
-0.340198 0.000520301
-0.339198 0.000517535
-0.338198 0.000514829
-0.337198 0.00051219
-0.336198 0.000509623
-0.335198 0.000507137
-0.334198 0.000504738
-0.333198 0.000502431
-0.332198 0.000500223
-0.331198 0.00049812
-0.330198 0.000496127
-0.329198 0.00049425
-0.328198 0.000492494
-0.327198 0.000490863
-0.326198 0.000489362
-0.325198 0.000487996
-0.324198 0.000486769
-0.323198 0.000485684
-0.322198 0.000484745
-0.321198 0.000483956
-0.320198 0.000483319
-0.319198 0.000482838
-0.318198 0.000482515
-0.317198 0.000482352
-0.316198 0.000482351
-0.315198 0.000482514
-0.314198 0.000482843
-0.313198 -0.0187297
-0.312198 -0.0181789
-0.311198 -0.0176385
-0.310198 -0.0171084
-0.309198 -0.0165886
-0.308198 -0.0160789
-0.307198 -0.0155792
-0.306198 -0.0150894
-0.305198 -0.0146095
-0.304198 -0.0141392
-0.303198 -0.0136786
-0.302198 -0.0132275
-0.301198 -0.0127858
-0.300198 -0.0123534
-0.299198 -0.0119303
-0.298198 -0.0115162
-0.297198 -0.0111112
-0.296198 -0.010715
-0.295198 -0.0103277
-0.294198 -0.00994915
-0.293198 -0.00957917
-0.292198 -0.00921772
-0.291198 -0.00886468
-0.290198 -0.00851998
-0.289198 -0.0081835
-0.288198 -0.00785514
-0.287198 -0.00753483
-0.286198 -0.00722245
-0.285198 -0.00691791
-0.284198 -0.00662113
-0.283198 -0.00633199
-0.282198 -0.00605041
-0.281198 -0.0057763
-0.280198 -0.00550955
-0.279198 -0.00525008
-0.278198 -0.00499779
-0.277198 -0.00475259
-0.276198 -0.00451439
-0.275198 -0.00428309
-0.274198 -0.0040586
-0.273198 -0.00384084
-0.272198 -0.00362971
-0.271198 -0.00342511
-0.270198 -0.00322697
-0.269198 -0.00303518
-0.268198 -0.00284967
-0.267198 -0.00267033
-0.266198 -0.00249709
-0.265198 -0.00232985
-0.264198 -0.00216853
-0.263198 -0.00201303
-0.262198 -0.00186328
-0.261198 -0.00171918
-0.260198 -0.00158064
-0.259198 -0.00144759
-0.258198 -0.00131994
-0.257198 -0.00119759
-0.256198 -0.00108048
-0.255198 -0.0009685
-0.254198 -0.000861582
-0.253198 -0.000759639
-0.252198 -0.000662586
-0.251198 -0.000570343
-0.250198 -0.000482826
-0.249198 -0.000399953
-0.248198 -0.000321644
-0.247198 -0.000247818
-0.246198 -0.000178393
-0.245198 -0.00011329
-0.244198 -5.24289e-05
-0.243198 4.269e-06
-0.242198 5.68826e-05
-0.241198 0.00010549
-0.240198 0.00015017
-0.239198 0.000190998
-0.238198 0.000228053
-0.237198 0.000261411
-0.236198 0.000291147
-0.235198 0.000317337
-0.234198 0.000340057
-0.233198 0.000359381
-0.232198 0.000375382
-0.231198 0.000388136
-0.230198 0.000397714
-0.229198 0.00040419
-0.228198 0.000407636
-0.227198 0.000408123
-0.226198 0.000405724
-0.225198 0.000400508
-0.224198 0.000392547
-0.223198 0.000381909
-0.222198 0.000368665
-0.221198 0.000352883
-0.220198 0.000334631
-0.219198 0.000313977
-0.218198 0.000290989
-0.217198 0.000265734
-0.216198 0.000238277
-0.215198 0.000208685
-0.214198 0.000177023
-0.213198 0.000143355
-0.212198 0.000107747
-0.211198 7.02608e-05
-0.210198 3.09611e-05
-0.209198 -1.00899e-05
-0.208198 -5.283e-05
-0.207198 -9.71975e-05
-0.206198 -0.000143131
-0.205198 -0.000190571
-0.204198 -0.000239455
-0.203198 -0.000289726
-0.202198 -0.000341324
-0.201198 -0.000394191
-0.200198 -0.000448268
-0.199198 -0.000503498
-0.198198 -0.000559825
-0.197198 -0.000617192
-0.196198 -0.000675543
-0.195198 -0.000734824
-0.194198 -0.000794979
-0.193198 -0.000855954
-0.192198 -0.000917697
-0.191198 -0.000980153
-0.190198 -0.00104327
-0.189198 -0.001107
-0.188198 -0.00117129
-0.187198 -0.00123608
-0.186198 -0.00130133
-0.185198 -0.00136699
-0.184198 -0.00143301
-0.183198 -0.00149935
-0.182198 -0.00156594
-0.181198 -0.00163275
-0.180198 -0.00169973
-0.179198 -0.00176683
-0.178198 -0.00183401
-0.177198 -0.00190123
-0.176198 -0.00196843
-0.175198 -0.00203558
-0.174198 -0.00210263
-0.173198 -0.00216954
-0.172198 -0.00223627
-0.171198 -0.00230277
-0.170198 -0.00236901
-0.169198 -0.00243494
-0.168198 -0.00250054
-0.167198 -0.00256575
-0.166198 -0.00263053
-0.165198 -0.00269486
-0.164198 -0.0027587
-0.163198 -0.002822
-0.162198 -0.00288474
-0.161198 -0.00294687
-0.160198 -0.00300837
-0.159198 -0.00306919
-0.158198 -0.00312932
-0.157198 -0.0031887
-0.156198 -0.00324732
-0.155198 -0.00330513
-0.154198 -0.00336212
-0.153198 -0.00341825
-0.152198 -0.00347348
-0.151198 -0.0035278
-0.150198 -0.00358117
-0.149198 -0.00363356
-0.148198 -0.00368496
-0.147198 -0.00373533
-0.146198 -0.00378464
-0.145198 -0.00383288
-0.144198 -0.00388001
-0.143198 -0.00392602
-0.142198 -0.00397088
-0.141198 -0.00401457
-0.140198 -0.00405707
-0.139198 -0.00409836
-0.138198 -0.00413841
-0.137198 -0.00417721
-0.136198 -0.00421474
-0.135198 -0.00425098
-0.134198 -0.00428591
-0.133198 -0.00431952
-0.132198 -0.00435178
-0.131198 -0.00438269
-0.130198 -0.00441223
-0.129198 -0.00444039
-0.128198 -0.00446715
-0.127198 -0.00449249
-0.126198 -0.00451642
-0.125198 -0.0045389
-0.124198 -0.00455995
-0.123198 -0.00457953
-0.122198 -0.00459766
-0.121198 -0.00461431
-0.120198 -0.00462948
-0.119198 -0.00464316
-0.118198 -0.00465534
-0.117198 -0.00466603
-0.116198 -0.00467521
-0.115198 -0.00468288
-0.114198 -0.00468903
-0.113198 -0.00469367
-0.112198 -0.00469679
-0.111198 -0.00469839
-0.110198 -0.00469847
-0.109198 -0.00469702
-0.108198 -0.00469406
-0.107198 -0.00468957
-0.106198 -0.00468357
-0.105198 -0.00467605
-0.104198 -0.0368107
-0.103198 -0.0358835
-0.102198 -0.0349725
-0.101198 -0.0340774
-0.100198 -0.033198
-0.0991976 -0.0323342
-0.0981976 -0.0314859
-0.0971976 -0.0306528
-0.0961976 -0.0298349
-0.0951976 -0.0290319
-0.0941976 -0.0282437
-0.0931976 -0.0274701
-0.0921976 -0.026711
-0.0911976 -0.0259662
-0.0901976 -0.0252356
-0.0891976 -0.024519
-0.0881976 -0.0238162
-0.0871976 -0.0231272
-0.0861976 -0.0224516
-0.0851976 -0.0217895
-0.0841976 -0.0211406
-0.0831976 -0.0205048
-0.0821976 -0.0198819
-0.0811976 -0.0192718
-0.0801976 -0.0186743
-0.0791976 -0.0180893
-0.0781976 -0.0175167
-0.0771976 -0.0169562
-0.0761976 -0.0164078
-0.0751976 -0.0158713
-0.0741976 -0.0153465
-0.0731976 -0.0148334
-0.0721976 -0.0143317
-0.0711976 -0.0138413
-0.0701976 -0.0133622
-0.0691976 -0.012894
-0.0681976 -0.0124368
-0.0671976 -0.0119903
-0.0661976 -0.0115545
-0.0651976 -0.0111291
-0.0641976 -0.0107141
-0.0631976 -0.0103093
-0.0621976 -0.00991455
-0.0611976 -0.00952976
-0.0601976 -0.00915479
-0.0591976 -0.00878948
-0.0581976 -0.00843372
-0.0571976 -0.00808737
-0.0561976 -0.00775029
-0.0551976 -0.00742237
-0.0541976 -0.00710346
-0.0531976 -0.00679345
-0.0521976 -0.0064922
-0.0511976 -0.00619958
-0.0501976 -0.00591548
-0.0491976 -0.00563975
-0.0481976 -0.00537229
-0.0471976 -0.00511297
-0.0461976 -0.00486165
-0.0451976 -0.00461823
-0.0441976 -0.00438257
-0.0431976 -0.00415456
-0.0421976 -0.00393408
-0.0411976 -0.00372101
-0.0401976 -0.00351523
-0.0391976 -0.00331662
-0.0381976 -0.00312507
-0.0371976 -0.00294046
-0.0361976 -0.00276267
-0.0351976 -0.00259159
-0.0341976 -0.0024271
-0.0331976 -0.0022691
-0.0321976 -0.00211748
-0.0311976 -0.00197211
-0.0301976 -0.00183289
-0.0291976 -0.00169971
-0.0281976 -0.00157246
-0.0271976 -0.00145103
-0.0261976 -0.00133532
-0.0251976 -0.00122521
-0.0241976 -0.00112061
-0.0231976 -0.00102141
-0.0221976 -0.000927502
-0.0211976 -0.000838783
-0.0201976 -0.000755152
-0.0191976 -0.000676507
-0.0181976 -0.000602747
-0.0171976 -0.000533772
-0.0161976 -0.000469482
-0.0151976 -0.000409779
-0.0141976 -0.000354565
-0.0131976 -0.000303743
-0.0121976 -0.000257217
-0.0111976 -0.000214892
-0.0101976 -0.000176672
-0.00919755 -0.000142465
-0.00819755 -0.000112176
-0.00719755 -8.57148e-05
-0.00619755 -6.29888e-05
-0.00519755 -4.39077e-05
-0.00419755 -2.83817e-05
-0.00319755 -1.63217e-05
-0.00219755 -7.63973e-06
-0.00119755 -2.24822e-06
-0.000197551 -6.06238e-08
0.000802449 -9.91139e-07
0.00180245 -4.95477e-06
0.00280245 -1.18673e-05
0.00380245 -2.16454e-05
0.00480245 -3.42064e-05
0.00580245 -4.94685e-05
0.00680245 -6.73507e-05
0.00780245 -8.77728e-05
0.00880245 -0.000110655
0.00980245 -0.00013592
0.0108024 -0.000163489
0.0118024 -0.000193285
0.0128024 -0.000225231
0.0138024 -0.000259254
0.0148024 -0.000295277
0.0158024 -0.000333227
0.0168024 -0.000373032
0.0178024 -0.000414618
0.0188024 -0.000457915
0.0198024 -0.000502851
0.0208024 -0.000549358
0.0218024 -0.000597366
0.0228024 -0.000646806
0.0238024 -0.000697612
0.0248024 -0.000749717
0.0258024 -0.000803055
0.0268024 -0.00085756
0.0278024 -0.00091317
0.0288024 -0.000969819
0.0298024 -0.00102745
0.0308024 -0.00108599
0.0318024 -0.00114539
0.0328024 -0.00120558
0.0338024 -0.0012665
0.0348024 -0.00132811
0.0358024 -0.00139033
0.0368024 -0.00145311
0.0378024 -0.0015164
0.0388024 -0.00158013
0.0398024 -0.00164426
0.0408024 -0.00170874
0.0418024 -0.0017735
0.0428024 -0.00183849
0.0438024 -0.00190367
0.0448024 -0.00196898
0.0458024 -0.00203437
0.0468024 -0.0020998
0.0478024 -0.00216521
0.0488024 -0.00223056
0.0498024 -0.0022958
0.0508024 -0.00236089
0.0518024 -0.00242577
0.0528024 -0.00249041
0.0538024 -0.00255476
0.0548024 -0.00261878
0.0558024 -0.00268242
0.0568024 -0.00274565
0.0578024 -0.00280842
0.0588024 -0.0028707
0.0598024 -0.00293244
0.0608024 -0.0029936
0.0618024 -0.00305416
0.0628024 -0.00311407
0.0638024 -0.00317329
0.0648024 -0.0032318
0.0658024 -0.00328955
0.0668024 -0.00334652
0.0678024 -0.00340266
0.0688024 -0.00345796
0.0698024 -0.00351237
0.0708024 -0.00356586
0.0718024 -0.00361842
0.0728024 -0.00367
0.0738024 -0.00372058
0.0748024 -0.00377013
0.0758024 -0.00381862
0.0768024 -0.00386604
0.0778024 -0.00391234
0.0788024 -0.00395752
0.0798024 -0.00400154
0.0808024 -0.00404438
0.0818024 -0.00408603
0.0828024 -0.00412645
0.0838024 -0.00416563
0.0848024 -0.00420354
0.0858024 -0.00424018
0.0868024 -0.00427551
0.0878024 -0.00430953
0.0888024 -0.00434221
0.0898024 -0.00437355
0.0908024 -0.00440351
0.0918024 -0.0044321
0.0928024 -0.00445929
0.0938024 -0.00448507
0.0948024 -0.00450943
0.0958024 -0.00453236
0.0968024 -0.00455384
0.0978024 -0.00457387
0.0988024 -0.00459244
0.0998024 -0.00460953
0.100802 -0.00462515
0.101802 -0.00463927
0.102802 -0.00465191
0.103802 -0.00466304
0.104802 -0.0243782
0.105802 -0.0238267
0.106802 -0.0232844
0.107802 -0.0227512
0.108802 -0.022227
0.109802 -0.0217116
0.110802 -0.021205
0.111802 -0.020707
0.112802 -0.0202176
0.113802 -0.0197367
0.114802 -0.0192641
0.115802 -0.0187997
0.116802 -0.0183435
0.117802 -0.0178954
0.118802 -0.0174552
0.119802 -0.0170229
0.120802 -0.0165983
0.121802 -0.0161814
0.122802 -0.0157721
0.123802 -0.0153702
0.124802 -0.0149757
0.125802 -0.0145885
0.126802 -0.0142085
0.127802 -0.0138356
0.128802 -0.0134697
0.129802 -0.0131107
0.130802 -0.0127585
0.131802 -0.0124131
0.132802 -0.0120743
0.133802 -0.0117421
0.134802 -0.0114164
0.135802 -0.0110971
0.136802 -0.010784
0.137802 -0.0104772
0.138802 -0.0101765
0.139802 -0.00988189
0.140802 -0.00959321
0.141802 -0.00931042
0.142802 -0.00903344
0.143802 -0.00876217
0.144802 -0.00849654
0.145802 -0.00823647
0.146802 -0.00798188
0.147802 -0.00773269
0.148802 -0.00748882
0.149802 -0.0072502
0.150802 -0.00701676
0.151802 -0.0067884
0.152802 -0.00656506
0.153802 -0.00634667
0.154802 -0.00613314
0.155802 -0.00592442
0.156802 -0.00572041
0.157802 -0.00552106
0.158802 -0.00532628
0.159802 -0.00513602
0.160802 -0.00495019
0.161802 -0.00476873
0.162802 -0.00459158
0.163802 -0.00441865
0.164802 -0.00424989
0.165802 -0.00408523
0.166802 -0.00392459
0.167802 -0.00376792
0.168802 -0.00361515
0.169802 -0.00346621
0.170802 -0.00332105
0.171802 -0.00317959
0.172802 -0.00304178
0.173802 -0.00290755
0.174802 -0.00277684
0.175802 -0.00264959
0.176802 -0.00252573
0.177802 -0.00240522
0.178802 -0.00228799
0.179802 -0.00217398
0.180802 -0.00206314
0.181802 -0.0019554
0.182802 -0.00185071
0.183802 -0.00174901
0.184802 -0.00165026
0.185802 -0.00155438
0.186802 -0.00146133
0.187802 -0.00137106
0.188802 -0.00128351
0.189802 -0.00119863
0.190802 -0.00111636
0.191802 -0.00103666
0.192802 -0.000959467
0.193802 -0.000884741
0.194802 -0.000812427
0.195802 -0.000742478
0.196802 -0.000674843
0.197802 -0.000609475
0.198802 -0.000546327
0.199802 -0.000485349
0.200802 -0.000426498
0.201802 -0.000369725
0.202802 -0.000314986
0.203802 -0.000262236
0.204802 -0.000211431
0.205802 -0.000162526
0.206802 -0.000115478
0.207802 -7.02441e-05
0.208802 -2.67827e-05
0.209802 1.49484e-05
0.210802 5.49902e-05
0.211802 9.33836e-05
0.212802 0.000130169
0.213802 0.000165385
0.214802 0.000199072
0.215802 0.000231268
0.216802 0.000262011
0.217802 0.000291338
0.218802 0.000319288
0.219802 0.000345895
0.220802 0.000371198
0.221802 0.00039523
0.222802 0.000418027
0.223802 0.000439624
0.224802 0.000460054
0.225802 0.000479352
0.226802 0.000497549
0.227802 0.00051468
0.228802 0.000530776
0.229802 0.000545868
0.230802 0.000559988
0.231802 0.000573167
0.232802 0.000585434
0.233802 0.000596819
0.234802 0.000607352
0.235802 0.000617062
0.236802 0.000625975
0.237802 0.000634122
0.238802 0.000641528
0.239802 0.00064822
0.240802 0.000654226
0.241802 0.000659572
0.242802 0.000664281
0.243802 0.000668381
0.244802 0.000671895
0.245802 0.000674848
0.246802 0.000677263
0.247802 0.000679164
0.248802 0.000680573
0.249802 0.000681514
0.250802 0.000682007
0.251802 0.000682075
0.252802 0.000681739
0.253802 0.000681019
0.254802 0.000679936
0.255802 0.000678509
0.256802 0.000676759
0.257802 0.000674704
0.258802 0.000672362
0.259802 0.000669752
0.260802 0.000666892
0.261802 0.000663799
0.262802 0.00066049
0.263802 0.000656981
0.264802 0.000653289
0.265802 0.00064943
0.266802 0.000645419
0.267802 0.000641271
0.268802 0.000637
0.269802 0.00063262
0.270802 0.000628147
0.271802 0.000623592
0.272802 0.000618969
0.273802 0.000614291
0.274802 0.00060957
0.275802 0.000604817
0.276802 0.000600045
0.277802 0.000595265
0.278802 0.000590487
0.279802 0.000585722
0.280802 0.000580979
0.281802 0.00057627
0.282802 0.000571602
0.283802 0.000566986
0.284802 0.000562429
0.285802 0.00055794
0.286802 0.000553527
0.287802 0.000549197
0.288802 0.000544959
0.289802 0.000540818
0.290802 0.000536781
0.291802 0.000532855
0.292802 0.000529045
0.293802 0.000525358
0.294802 0.000521798
0.295802 0.00051837
0.296802 0.000515079
0.297802 0.000511929
0.298802 0.000508924
0.299802 0.000506069
0.300802 0.000503365
0.301802 0.000500816
0.302802 0.000498425
0.303802 0.000496195
0.304802 0.000494127
0.305802 0.000492223
0.306802 0.000490484
0.307802 0.000488913
0.308802 0.000487509
0.309802 0.000486274
0.310802 0.000485207
0.311802 0.000484309
0.312802 0.00048358
0.313802 0.000483018
0.314802 -0.0062545
0.315802 -0.00606239
0.316802 -0.00587381
0.317802 -0.00568873
0.318802 -0.00550711
0.319802 -0.00532893
0.320802 -0.00515413
0.321802 -0.00498271
0.322802 -0.00481461
0.323802 -0.00464981
0.324802 -0.00448827
0.325802 -0.00432997
0.326802 -0.00417487
0.327802 -0.00402293
0.328802 -0.00387414
0.329802 -0.00372845
0.330802 -0.00358584
0.331802 -0.00344628
0.332802 -0.00330973
0.333802 -0.00317616
0.334802 -0.00304555
0.335802 -0.00291787
0.336802 -0.00279308
0.337802 -0.00267116
0.338802 -0.00255208
0.339802 -0.00243581
0.340802 -0.00232232
0.341802 -0.00221157
0.342802 -0.00210356
0.343802 -0.00199824
0.344802 -0.00189559
0.345802 -0.00179558
0.346802 -0.00169818
0.347802 -0.00160337
0.348802 -0.00151112
0.349802 -0.0014214
0.350802 -0.00133419
0.351802 -0.00124947
0.352802 -0.00116719
0.353802 -0.00108734
0.354802 -0.0010099
0.355802 -0.000934835
0.356802 -0.000862121
0.357802 -0.000791734
0.358802 -0.000723649
0.359802 -0.000657841
0.360802 -0.000594286
0.361802 -0.000532959
0.362802 -0.000473835
0.363802 -0.000416891
0.364802 -0.000362103
0.365802 -0.000309448
0.366802 -0.0002589
0.367802 -0.000210438
0.368802 -0.000164037
0.369802 -0.000119675
0.370802 -7.73285e-05
0.371802 -3.69749e-05
0.372802 1.40866e-06
0.373802 3.78446e-05
0.374802 7.23552e-05
0.375802 0.000104963
0.376802 0.00013569
0.377802 0.000164558
0.378802 0.000191588
0.379802 0.000216804
0.380802 0.000240225
0.381802 0.000261874
0.382802 0.000281772
0.383802 0.00029994
0.384802 0.000316399
0.385802 0.00033117
0.386802 0.000344273
0.387802 0.00035573
0.388802 0.000365562
0.389802 0.000373787
0.390802 0.000380428
0.391802 0.000385504
0.392802 0.000389035
0.393802 0.000391041
0.394802 0.000391543
0.395802 0.000390559
0.396802 0.00038811
0.397802 0.000384216
0.398802 0.000378895
0.399802 0.000372168
0.400802 0.000364054
0.401802 0.000354571
0.402802 0.00034374
0.403802 0.000331578
0.404802 0.000318106
0.405802 0.000303343
0.406802 0.000287306
0.407802 0.000270015
0.408802 0.000251488
0.409802 0.000231744
0.410802 0.000210802
0.411802 0.000188681
0.412802 0.000165397
0.413802 0.000140971
0.414802 0.00011542
0.415802 8.87618e-05
0.416802 6.10155e-05
0.417802 3.21989e-05
0.418802 2.32997e-06
0.419802 -2.85732e-05
0.420802 -6.04927e-05
0.421802 -9.34107e-05
0.422802 -0.000127309
0.423802 -0.00016217
0.424802 -0.000197977
0.425802 -0.00023471
0.426802 -0.000272354
0.427802 -0.000310889
0.428802 -0.000350298
0.429802 -0.000390564
0.430802 -0.00043167
0.431802 -0.000473597
0.432802 -0.000516329
0.433802 -0.000559847
0.434802 -0.000604135
0.435802 -0.000649175
0.436802 -0.000694949
0.437802 -0.000741441
0.438802 -0.000788633
0.439802 -0.000836507
0.440802 -0.000885046
0.441802 -0.000934234
0.442802 -0.000984052
0.443802 -0.00103448
0.444802 -0.00108551
0.445802 -0.00113712
0.446802 -0.00118929
0.447802 -0.001242
0.448802 -0.00129524
0.449802 -0.00134899
0.450802 -0.00140323
0.451802 -0.00145795
0.452802 -0.00151312
0.453802 -0.00156874
0.454802 -0.00162478
0.455802 -0.00168123
0.456802 -0.00173806
0.457802 -0.00179527
0.458802 -0.00185283
0.459802 -0.00191073
0.460802 -0.00196895
0.461802 -0.00202747
0.462802 -0.00208627
0.463802 -0.00214534
0.464802 -0.00220466
0.465802 -0.00226422
0.466802 -0.00232399
0.467802 -0.00238395
0.468802 -0.0024441
0.469802 -0.00250441
0.470802 -0.00256486
0.471802 -0.00262544
0.472802 -0.00268612
0.473802 -0.0027469
0.474802 -0.00280775
0.475802 -0.00286866
0.476802 -0.0029296
0.477802 -0.00299057
0.478802 -0.00305153
0.479802 -0.00311248
0.480802 -0.00317339
0.481802 -0.00323426
0.482802 -0.00329505
0.483802 -0.00335575
0.484802 -0.00341634
0.485802 -0.00347681
0.486802 -0.00353713
0.487802 -0.00359729
0.488802 -0.00365727
0.489802 -0.00371705
0.490802 -0.00377661
0.491802 -0.00383593
0.492802 -0.00389499
0.493802 -0.00395378
0.494802 -0.00401228
0.495802 -0.00407046
0.496802 -0.00412831
0.497802 -0.00418581
0.498802 -0.00424294
0.499802 -0.00429967
0.500802 -0.004356
0.501802 -0.0044119
0.502802 -0.00446735
0.503802 -0.00452233
0.504802 -0.00457682
0.505802 -0.0046308
0.506802 -0.00468426
0.507802 -0.00473716
0.508802 -0.0047895
0.509802 -0.00484125
0.510802 -0.00489239
0.511802 -0.0049429
0.512802 -0.00499276
0.513802 -0.00504196
0.514802 -0.00509046
0.515802 -0.00513824
0.516802 -0.0051853
0.517802 -0.0052316
0.518802 -0.00527713
0.519802 -0.00532186
0.520802 -0.00536577
0.521802 -0.00540884
0.522802 -0.00545105
0.523802 0.0202644
0.524802 0.0194917
0.525802 0.018734
0.526802 0.017991
0.527802 0.0172628
0.528802 0.0165492
0.529802 0.0158501
0.530802 0.0151653
0.531802 0.0144948
0.532802 0.0138385
0.533802 0.0131961
0.534802 0.0125677
0.535802 0.0119531
0.536802 0.0113522
0.537802 0.0107649
0.538802 0.0101911
0.539802 0.00963063
0.540802 0.00908341
0.541802 0.00854933
0.542802 0.00802827
0.543802 0.00752013
0.544802 0.00702479
0.545802 0.00654215
0.546802 0.00607209
0.547802 0.0056145
0.548802 0.00516928
0.549802 0.0047363
0.550802 0.00431547
0.551802 0.00390667
0.552802 0.00350978
0.553802 0.00312471
0.554802 0.00275134
0.555802 0.00238956
0.556802 0.00203927
0.557802 0.00170035
0.558802 0.00137269
0.559802 0.00105618
0.560802 0.000750723
0.561802 0.000456203
0.562802 0.000172511
0.563802 -0.00010046
0.564802 -0.000362819
0.565802 -0.000614674
0.566802 -0.000856132
0.567802 -0.0010873
0.568802 -0.00130829
0.569802 -0.0015192
0.570802 -0.00172015
0.571802 -0.00191124
0.572802 -0.00209258
0.573802 -0.00226427
0.574802 -0.00242642
0.575802 -0.00257914
0.576802 -0.00272253
0.577802 -0.0028567
0.578802 -0.00298176
0.579802 -0.00309781
0.580802 -0.00320496
0.581802 -0.00330331
0.582802 -0.00339296
0.583802 -0.00347403
0.584802 -0.00354662
0.585802 -0.00361083
0.586802 -0.00366676
0.587802 -0.00371453
0.588802 -0.00375423
0.589802 -0.00378597
0.590802 -0.00380986
0.591802 -0.00382599
0.592802 -0.00383448
0.593802 -0.00383541
0.594802 -0.0038289
0.595802 -0.00381506
0.596802 -0.00379397
0.597802 -0.00376575
0.598802 -0.0037305
0.599802 -0.00368832
0.600802 -0.00363931
0.601802 -0.00358357
0.602802 -0.00352121
0.603802 -0.00345233
0.604802 -0.00337702
0.605802 -0.00329539
0.606802 -0.00320755
0.607802 -0.00311358
0.608802 -0.00301359
0.609802 -0.00290769
0.610802 -0.00279596
0.611802 -0.00267852
0.612802 -0.00255546
0.613802 -0.00242688
0.614802 -0.00229288
0.615802 -0.00215356
0.616802 -0.00200902
0.617802 -0.00185935
0.618802 -0.00170466
0.619802 -0.00154504
0.620802 -0.0013806
0.621802 -0.00121142
0.622802 -0.00103761
0.623802 -0.000859269
0.624802 -0.000676489
0.625802 -0.000489367
0.626802 -0.000298002
0.627802 -0.000102491
0.628802 9.70714e-05
0.629802 0.000300587
0.630802 0.000507961
0.631802 0.000719097
0.632802 0.0009339
0.633802 0.00115227
0.634802 0.00137412
0.635802 0.00159935
0.636802 0.00182787
0.637802 0.00205957
0.638802 0.00229437
0.639802 0.00253218
0.640802 0.00277289
0.641802 0.00301642
0.642802 0.00326267
0.643802 0.00351154
0.644802 0.00376295
0.645802 0.0040168
0.646802 0.004273
0.647802 0.00453146
0.648802 0.00479208
0.649802 0.00505477
0.650802 0.00531945
0.651802 0.00558601
0.652802 0.00585436
0.653802 0.00612443
0.654802 0.0063961
0.655802 0.00666931
0.656802 0.00694394
0.657802 0.00721992
0.658802 0.00749715
0.659802 0.00777554
0.660802 0.00805501
0.661802 0.00833546
0.662802 0.0086168
0.663802 0.00889895
0.664802 0.00918182
0.665802 0.00946532
0.666802 0.00974935
0.667802 0.0100338
0.668802 0.0103187
0.669802 0.0106038
0.670802 0.0108891
0.671802 0.0111746
0.672802 0.01146
0.673802 0.0117453
0.674802 0.0120305
0.675802 0.0123155
0.676802 0.0126001
0.677802 0.0128843
0.678802 0.013168
0.679802 0.0134512
0.680802 0.0137336
0.681802 0.0140153
0.682802 0.0142961
0.683802 0.014576
0.684802 0.014855
0.685802 0.0151328
0.686802 0.0154094
0.687802 0.0156848
0.688802 0.0159588
0.689802 0.0162314
0.690802 0.0165025
0.691802 0.0167719
0.692802 0.0170397
0.693802 0.0173058
0.694802 0.01757
0.695802 0.0178323
0.696802 0.0180926
0.697802 0.0183508
0.698802 0.0186068
0.699802 0.0188606
0.700802 0.019112
0.701802 0.0193611
0.702802 0.0196076
0.703802 0.0198516
0.704802 0.020093
0.705802 0.0203316
0.706802 0.0205674
0.707802 0.0208003
0.708802 0.0210303
0.709802 0.0212572
0.710802 0.021481
0.711802 0.0217016
0.712802 0.0219189
0.713802 0.0221329
0.714802 0.0223434
0.715802 0.0225504
0.716802 0.0227539
0.717802 0.0229537
0.718802 0.0231497
0.719802 0.023342
0.720802 0.0235303
0.721802 0.0237147
0.722802 0.0238951
0.723802 0.0240713
0.724802 0.0242434
0.725802 0.0244111
0.726802 0.0245746
0.727802 0.0247336
0.728802 0.0248882
0.729802 0.0250381
0.730802 0.0251835
0.731802 0.0253241
0.732802 0.02546
0.733802 -0.0294353
0.734802 -0.0277365
0.735802 -0.0260729
0.736802 -0.0244444
0.737802 -0.0228506
0.738802 -0.0212914
0.739802 -0.0197666
0.740802 -0.018276
0.741802 -0.0168192
0.742802 -0.0153962
0.743802 -0.0140066
0.744802 -0.0126503
0.745802 -0.011327
0.746802 -0.0100365
0.747802 -0.00877855
0.748802 -0.00755296
0.749802 -0.0063595
0.750802 -0.00519794
0.751802 -0.00406805
0.752802 -0.00296961
0.753802 -0.00190238
0.754802 -0.000866156
0.755802 0.000139304
0.756802 0.00111422
0.757802 0.00205883
0.758802 0.00297335
0.759802 0.00385801
0.760802 0.00471304
0.761802 0.00553866
0.762802 0.00633511
0.763802 0.00710261
0.764802 0.0078414
0.765802 0.0085517
0.766802 0.00923374
0.767802 0.00988775
0.768802 0.010514
0.769802 0.0111126
0.770802 0.0116839
0.771802 0.0122281
0.772802 0.0127454
0.773802 0.0132361
0.774802 0.0137003
0.775802 0.0141384
0.776802 0.0145505
0.777802 0.0149369
0.778802 0.0152978
0.779802 0.0156334
0.780802 0.015944
0.781802 0.0162298
0.782802 0.0164911
0.783802 0.0167281
0.784802 0.0169409
0.785802 0.0171299
0.786802 0.0172953
0.787802 0.0174373
0.788802 0.0175561
0.789802 0.017652
0.790802 0.0177252
0.791802 0.017776
0.792802 0.0178046
0.793802 0.0178112
0.794802 0.017796
0.795802 0.0177594
0.796802 0.0177014
0.797802 0.0176225
0.798802 0.0175227
0.799802 0.0174024
0.800802 0.0172618
0.801802 0.0171011
0.802802 0.0169206
0.803802 0.0167204
0.804802 0.0165009
0.805802 0.0162622
0.806802 0.0160047
0.807802 0.0157285
0.808802 0.0154339
0.809802 0.0151212
0.810802 0.0147905
0.811802 0.0144421
0.812802 0.0140762
0.813802 0.0136932
0.814802 0.0132932
0.815802 0.0128765
0.816802 0.0124432
0.817802 0.0119938
0.818802 0.0115283
0.819802 0.0110471
0.820802 0.0105503
0.821802 0.0100383
0.822802 0.00951126
0.823802 0.00896942
0.824802 0.00841304
0.825802 0.00784235
0.826802 0.00725761
0.827802 0.00665906
0.828802 0.00604693
0.829802 0.00542148
0.830802 0.00478295
0.831802 0.00413159
0.832802 0.00346764
0.833802 0.00279135
0.834802 0.00210295
0.835802 0.00140271
0.836802 0.000690856
0.837802 -3.23538e-05
0.838802 -0.000766676
0.839802 -0.00151186
0.840802 -0.00226767
0.841802 -0.00303385
0.842802 -0.00381015
0.843802 -0.00459632
0.844802 -0.00539212
0.845802 -0.0061973
0.846802 -0.00701161
0.847802 -0.0078348
0.848802 -0.00866663
0.849802 -0.00950683
0.850802 -0.0103552
0.851802 -0.0112114
0.852802 -0.0120752
0.853802 -0.0129465
0.854802 -0.0138248
0.855802 -0.0147101
0.856802 -0.015602
0.857802 -0.0165002
0.858802 -0.0174046
0.859802 -0.0183149
0.860802 -0.0192308
0.861802 -0.020152
0.862802 -0.0210784
0.863802 -0.0220097
0.864802 -0.0229455
0.865802 -0.0238857
0.866802 -0.0248301
0.867802 -0.0257782
0.868802 -0.02673
0.869802 -0.0276851
0.870802 -0.0286434
0.871802 -0.0296044
0.872802 -0.030568
0.873802 -0.031534
0.874802 -0.032502
0.875802 -0.0334719
0.876802 -0.0344433
0.877802 -0.035416
0.878802 -0.0363898
0.879802 -0.0373643
0.880802 -0.0383394
0.881802 -0.0393148
0.882802 -0.0402902
0.883802 -0.0412653
0.884802 -0.04224
0.885802 -0.0432139
0.886802 -0.0441868
0.887802 -0.0451584
0.888802 -0.0461285
0.889802 -0.0470968
0.890802 -0.0480631
0.891802 -0.0490271
0.892802 -0.0499885
0.893802 -0.0509471
0.894802 -0.0519026
0.895802 -0.0528547
0.896802 -0.0538033
0.897802 -0.054748
0.898802 -0.0556885
0.899802 -0.0566247
0.900802 -0.0575563
0.901802 -0.0584829
0.902802 -0.0594044
0.903802 -0.0603204
0.904802 -0.0612307
0.905802 -0.0621351
0.906802 -0.0630333
0.907802 -0.063925
0.908802 -0.0648099
0.909802 -0.0656879
0.910802 -0.0665585
0.911802 -0.0674216
0.912802 -0.068277
0.913802 -0.0691242
0.914802 -0.0699632
0.915802 -0.0707935
0.916802 -0.071615
0.917802 -0.0724274
0.918802 -0.0732304
0.919802 -0.0740237
0.920802 -0.0748071
0.921802 -0.0755803
0.922802 -0.0763431
0.923802 -0.0770952
0.924802 -0.0778362
0.925802 -0.0785661
0.926802 -0.0792844
0.927802 -0.0799909
0.928802 -0.0806854
0.929802 -0.0813675
0.930802 -0.0820371
0.931802 -0.0826938
0.932802 -0.0833373
0.933802 -0.0839675
0.934802 -0.0845841
0.935802 -0.0851867
0.936802 -0.085775
0.937802 -0.086349
0.938802 -0.0869082
0.939802 -0.0874523
0.940802 -0.0879812
0.941802 -0.0884946
0.942802 -0.308576
0.943802 -0.308324
0.944802 -0.308017
0.945802 -0.307654
0.946802 -0.307236
0.947802 -0.306761
0.948802 -0.306232
0.949802 -0.305646
0.950802 -0.305006
0.951802 -0.30431
0.952802 -0.30356
0.953802 -0.302754
0.954802 -0.301894
0.955802 -0.300978
0.956802 -0.300009
0.957802 -0.298984
0.958802 -0.297906
0.959802 -0.296773
0.960802 -0.295585
0.961802 -0.294344
0.962802 -0.293049
0.963802 -0.2917
0.964802 -0.290297
0.965802 -0.288841
0.966802 -0.287331
0.967802 -0.285767
0.968802 -0.28415
0.969802 -0.28248
0.970802 -0.280757
0.971802 -0.278981
0.972802 -0.277152
0.973802 -0.27527
0.974802 -0.273336
0.975802 -0.271349
0.976802 -0.269309
0.977802 -0.267217
0.978802 -0.265073
0.979802 -0.262876
0.980802 -0.260628
0.981802 -0.258328
0.982802 -0.255975
0.983802 -0.253571
0.984802 -0.251116
0.985802 -0.248609
0.986802 -0.24605
0.987802 -0.24344
0.988802 -0.240779
0.989802 -0.238066
0.990802 -0.235303
0.991802 -0.232489
0.992802 -0.229624
0.993802 -0.226708
0.994802 -0.223741
0.995802 -0.220724
0.996802 -0.217657
0.997802 -0.214539
0.998802 -0.211371
0.999802 -0.208153
1.0008 -0.204885
1.0018 -0.201567
1.0028 -0.198199
1.0038 -0.194782
1.0048 -0.191314
1.0058 -0.187798
1.0068 -0.184232
1.0078 -0.180616
1.0088 -0.176951
1.0098 -0.173238
1.0108 -0.169475
1.0118 -0.165663
1.0128 -0.161802
1.0138 -0.157893
1.0148 -0.153935
1.0158 -0.149929
1.0168 -0.145874
1.0178 -0.14177
1.0188 -0.137619
1.0198 -0.133419
1.0208 -0.129171
1.0218 -0.124876
1.0228 -0.120532
1.0238 -0.116141
1.0248 -0.111702
1.0258 -0.107215
1.0268 -0.102681
1.0278 -0.0980994
1.0288 -0.0934706
1.0298 -0.0887946
1.0308 -0.0840715
1.0318 -0.0793014
1.0328 -0.0744844
1.0338 -0.0696205
1.0348 -0.0647099
1.0358 -0.0597527
1.0368 -0.0547489
1.0378 -0.0496987
1.0388 -0.0446021
1.0398 -0.0394592
1.0408 -0.0342702
1.0418 -0.0290351
1.0428 -0.023754
1.0438 -0.018427
1.0448 -0.0130541
1.0458 -0.00763561
1.0468 -0.00217146
