-1.0472 0.846606
-1.0462 0.845325
-1.0452 0.844044
-1.0442 0.842763
-1.0432 0.841482
-1.0422 0.840201
-1.0412 0.838921
-1.0402 0.83764
-1.0392 0.836359
-1.0382 0.835078
-1.0372 0.833798
-1.0362 0.832517
-1.0352 0.831236
-1.0342 0.829956
-1.0332 0.828675
-1.0322 0.827395
-1.0312 0.826115
-1.0302 0.824834
-1.0292 0.823554
-1.0282 0.822274
-1.0272 0.820994
-1.0262 0.819714
-1.0252 0.818434
-1.0242 0.817154
-1.0232 0.815874
-1.0222 0.814594
-1.0212 0.813315
-1.0202 0.812035
-1.0192 0.810756
-1.0182 0.809476
-1.0172 0.808197
-1.0162 0.806918
-1.0152 0.805639
-1.0142 0.80436
-1.0132 0.803082
-1.0122 0.801803
-1.0112 0.800525
-1.0102 0.799246
-1.0092 0.797968
-1.0082 0.79669
-1.0072 0.795412
-1.0062 0.794134
-1.0052 0.792857
-1.0042 0.79158
-1.0032 0.790302
-1.0022 0.789025
-1.0012 0.787748
-1.0002 0.786472
-0.999198 0.785195
-0.998198 0.783919
-0.997198 0.782643
-0.996198 0.781367
-0.995198 0.780091
-0.994198 0.778815
-0.993198 0.77754
-0.992198 0.776265
-0.991198 0.77499
-0.990198 0.773715
-0.989198 0.77244
-0.988198 0.771166
-0.987198 0.769892
-0.986198 0.768618
-0.985198 0.767345
-0.984198 0.766071
-0.983198 0.764798
-0.982198 0.763525
-0.981198 0.762253
-0.980198 0.76098
-0.979198 0.759708
-0.978198 0.758436
-0.977198 0.757165
-0.976198 0.755893
-0.975198 0.754622
-0.974198 0.753351
-0.973198 0.752081
-0.972198 0.750811
-0.971198 0.749541
-0.970198 0.748271
-0.969198 0.747002
-0.968198 0.745733
-0.967198 0.744464
-0.966198 0.743195
-0.965198 0.741927
-0.964198 0.740659
-0.963198 0.739392
-0.962198 0.738125
-0.961198 0.736858
-0.960198 0.735591
-0.959198 0.734325
-0.958198 0.733059
-0.957198 0.731794
-0.956198 0.730529
-0.955198 0.729264
-0.954198 0.727999
-0.953198 0.726735
-0.952198 0.725471
-0.951198 0.724208
-0.950198 0.722945
-0.949198 0.721682
-0.948198 0.72042
-0.947198 0.719158
-0.946198 0.717897
-0.945198 0.716635
-0.944198 0.715375
-0.943198 0.714114
-0.942198 0.713412
-0.941198 0.712137
-0.940198 0.710862
-0.939198 0.709588
-0.938198 0.708315
-0.937198 0.707042
-0.936198 0.70577
-0.935198 0.704499
-0.934198 0.703229
-0.933198 0.701959
-0.932198 0.70069
-0.931198 0.699422
-0.930198 0.698154
-0.929198 0.696887
-0.928198 0.695621
-0.927198 0.694356
-0.926198 0.693091
-0.925198 0.691827
-0.924198 0.690564
-0.923198 0.689301
-0.922198 0.68804
-0.921198 0.686779
-0.920198 0.685518
-0.919198 0.684259
-0.918198 0.683
-0.917198 0.681742
-0.916198 0.680484
-0.915198 0.679228
-0.914198 0.677972
-0.913198 0.676716
-0.912198 0.675462
-0.911198 0.674208
-0.910198 0.672955
-0.909198 0.671703
-0.908198 0.670451
-0.907198 0.669201
-0.906198 0.667951
-0.905198 0.666701
-0.904198 0.665453
-0.903198 0.664205
-0.902198 0.662958
-0.901198 0.661711
-0.900198 0.660466
-0.899198 0.659221
-0.898198 0.657977
-0.897198 0.656733
-0.896198 0.655491
-0.895198 0.654249
-0.894198 0.653008
-0.893198 0.651768
-0.892198 0.650528
-0.891198 0.649289
-0.890198 0.648051
-0.889198 0.646814
-0.888198 0.645577
-0.887198 0.644341
-0.886198 0.643106
-0.885198 0.641872
-0.884198 0.640638
-0.883198 0.639406
-0.882198 0.638174
-0.881198 0.636942
-0.880198 0.635712
-0.879198 0.634482
-0.878198 0.633253
-0.877198 0.632025
-0.876198 0.630797
-0.875198 0.629571
-0.874198 0.628345
-0.873198 0.62712
-0.872198 0.625895
-0.871198 0.624672
-0.870198 0.623449
-0.869198 0.622227
-0.868198 0.621006
-0.867198 0.619785
-0.866198 0.618565
-0.865198 0.617346
-0.864198 0.616128
-0.863198 0.614911
-0.862198 0.613694
-0.861198 0.612478
-0.860198 0.611263
-0.859198 0.610049
-0.858198 0.608836
-0.857198 0.607623
-0.856198 0.606411
-0.855198 0.6052
-0.854198 0.603989
-0.853198 0.60278
-0.852198 0.601571
-0.851198 0.600363
-0.850198 0.599156
-0.849198 0.59795
-0.848198 0.596744
-0.847198 0.595539
-0.846198 0.594335
-0.845198 0.593132
-0.844198 0.591929
-0.843198 0.590728
-0.842198 0.589527
-0.841198 0.588327
-0.840198 0.587128
-0.839198 0.585929
-0.838198 0.584732
-0.837198 0.583535
-0.836198 0.582339
-0.835198 0.581143
-0.834198 0.579949
-0.833198 0.578755
-0.832198 0.577563
-0.831198 0.576371
-0.830198 0.575179
-0.829198 0.573989
-0.828198 0.572799
-0.827198 0.571611
-0.826198 0.570423
-0.825198 0.569235
-0.824198 0.568049
-0.823198 0.566864
-0.822198 0.565679
-0.821198 0.564495
-0.820198 0.563312
-0.819198 0.56213
-0.818198 0.560948
-0.817198 0.559768
-0.816198 0.558588
-0.815198 0.557409
-0.814198 0.556231
-0.813198 0.555053
-0.812198 0.553877
-0.811198 0.552701
-0.810198 0.551526
-0.809198 0.550352
-0.808198 0.549179
-0.807198 0.548006
-0.806198 0.546835
-0.805198 0.545664
-0.804198 0.544494
-0.803198 0.543325
-0.802198 0.542157
-0.801198 0.54099
-0.800198 0.539823
-0.799198 0.538657
-0.798198 0.537492
-0.797198 0.536328
-0.796198 0.535165
-0.795198 0.534003
-0.794198 0.532841
-0.793198 0.53168
-0.792198 0.530521
-0.791198 0.529362
-0.790198 0.528203
-0.789198 0.527046
-0.788198 0.52589
-0.787198 0.524734
-0.786198 0.523579
-0.785198 0.522425
-0.784198 0.521272
-0.783198 0.52012
-0.782198 0.518968
-0.781198 0.517818
-0.780198 0.516668
-0.779198 0.515519
-0.778198 0.514371
-0.777198 0.513224
-0.776198 0.512078
-0.775198 0.510933
-0.774198 0.509788
-0.773198 0.508644
-0.772198 0.507501
-0.771198 0.506359
-0.770198 0.505218
-0.769198 0.504078
-0.768198 0.502939
-0.767198 0.5018
-0.766198 0.500662
-0.765198 0.499526
-0.764198 0.49839
-0.763198 0.497255
-0.762198 0.49612
-0.761198 0.494987
-0.760198 0.493855
-0.759198 0.492723
-0.758198 0.491592
-0.757198 0.490462
-0.756198 0.489333
-0.755198 0.488205
-0.754198 0.487078
-0.753198 0.485952
-0.752198 0.484826
-0.751198 0.483702
-0.750198 0.482578
-0.749198 0.481455
-0.748198 0.480333
-0.747198 0.479212
-0.746198 0.478092
-0.745198 0.476973
-0.744198 0.475854
-0.743198 0.474737
-0.742198 0.47362
-0.741198 0.472504
-0.740198 0.471389
-0.739198 0.470275
-0.738198 0.469162
-0.737198 0.46805
-0.736198 0.466939
-0.735198 0.465828
-0.734198 0.464719
-0.733198 0.46361
-0.732198 0.462249
-0.731198 0.46115
-0.730198 0.460051
-0.729198 0.458953
-0.728198 0.457855
-0.727198 0.456759
-0.726198 0.455663
-0.725198 0.454568
-0.724198 0.453474
-0.723198 0.45238
-0.722198 0.451288
-0.721198 0.450196
-0.720198 0.449104
-0.719198 0.448014
-0.718198 0.446924
-0.717198 0.445836
-0.716198 0.444748
-0.715198 0.44366
-0.714198 0.442574
-0.713198 0.441488
-0.712198 0.440403
-0.711198 0.439319
-0.710198 0.438236
-0.709198 0.437154
-0.708198 0.436072
-0.707198 0.434991
-0.706198 0.433911
-0.705198 0.432832
-0.704198 0.431754
-0.703198 0.430676
-0.702198 0.429599
-0.701198 0.428523
-0.700198 0.427448
-0.699198 0.426374
-0.698198 0.425301
-0.697198 0.424228
-0.696198 0.423156
-0.695198 0.422085
-0.694198 0.421015
-0.693198 0.419946
-0.692198 0.418877
-0.691198 0.41781
-0.690198 0.416743
-0.689198 0.415677
-0.688198 0.414612
-0.687198 0.413548
-0.686198 0.412485
-0.685198 0.411422
-0.684198 0.410361
-0.683198 0.4093
-0.682198 0.40824
-0.681198 0.407181
-0.680198 0.406123
-0.679198 0.405066
-0.678198 0.404009
-0.677198 0.402954
-0.676198 0.401899
-0.675198 0.400845
-0.674198 0.399792
-0.673198 0.39874
-0.672198 0.397689
-0.671198 0.396639
-0.670198 0.39559
-0.669198 0.394541
-0.668198 0.393494
-0.667198 0.392447
-0.666198 0.391401
-0.665198 0.390357
-0.664198 0.389313
-0.663198 0.38827
-0.662198 0.387228
-0.661198 0.386186
-0.660198 0.385146
-0.659198 0.384107
-0.658198 0.383068
-0.657198 0.382031
-0.656198 0.380994
-0.655198 0.379959
-0.654198 0.378924
-0.653198 0.37789
-0.652198 0.376857
-0.651198 0.375825
-0.650198 0.374794
-0.649198 0.373764
-0.648198 0.372735
-0.647198 0.371707
-0.646198 0.370679
-0.645198 0.369653
-0.644198 0.368628
-0.643198 0.367603
-0.642198 0.36658
-0.641198 0.365557
-0.640198 0.364536
-0.639198 0.363515
-0.638198 0.362496
-0.637198 0.361477
-0.636198 0.36046
-0.635198 0.359443
-0.634198 0.358427
-0.633198 0.357412
-0.632198 0.356399
-0.631198 0.355386
-0.630198 0.354374
-0.629198 0.353363
-0.628198 0.352353
-0.627198 0.351344
-0.626198 0.350337
-0.625198 0.34933
-0.624198 0.348324
-0.623198 0.347319
-0.622198 0.346315
-0.621198 0.345312
-0.620198 0.34431
-0.619198 0.34331
-0.618198 0.34231
-0.617198 0.341311
-0.616198 0.340313
-0.615198 0.339316
-0.614198 0.33832
-0.613198 0.337326
-0.612198 0.336332
-0.611198 0.335339
-0.610198 0.334347
-0.609198 0.333357
-0.608198 0.332367
-0.607198 0.331379
-0.606198 0.330391
-0.605198 0.329404
-0.604198 0.328419
-0.603198 0.327434
-0.602198 0.326451
-0.601198 0.325469
-0.600198 0.324487
-0.599198 0.323507
-0.598198 0.322528
-0.597198 0.32155
-0.596198 0.320573
-0.595198 0.319597
-0.594198 0.318622
-0.593198 0.317648
-0.592198 0.316675
-0.591198 0.315703
-0.590198 0.314732
-0.589198 0.313763
-0.588198 0.312794
-0.587198 0.311827
-0.586198 0.31086
-0.585198 0.309895
-0.584198 0.308931
-0.583198 0.307968
-0.582198 0.307006
-0.581198 0.306045
-0.580198 0.305085
-0.579198 0.304126
-0.578198 0.303168
-0.577198 0.302212
-0.576198 0.301256
-0.575198 0.300302
-0.574198 0.299349
-0.573198 0.298396
-0.572198 0.297445
-0.571198 0.296496
-0.570198 0.295547
-0.569198 0.294599
-0.568198 0.293652
-0.567198 0.292707
-0.566198 0.291763
-0.565198 0.290819
-0.564198 0.289877
-0.563198 0.288937
-0.562198 0.287997
-0.561198 0.287058
-0.560198 0.286121
-0.559198 0.285184
-0.558198 0.284249
-0.557198 0.283315
-0.556198 0.282382
-0.555198 0.28145
-0.554198 0.280519
-0.553198 0.27959
-0.552198 0.278662
-0.551198 0.277734
-0.550198 0.276808
-0.549198 0.275884
-0.548198 0.27496
-0.547198 0.274037
-0.546198 0.273116
-0.545198 0.272196
-0.544198 0.271277
-0.543198 0.270359
-0.542198 0.269442
-0.541198 0.268527
-0.540198 0.267613
-0.539198 0.2667
-0.538198 0.265788
-0.537198 0.264877
-0.536198 0.263967
-0.535198 0.263059
-0.534198 0.262152
-0.533198 0.261246
-0.532198 0.260341
-0.531198 0.259438
-0.530198 0.258535
-0.529198 0.257634
-0.528198 0.256734
-0.527198 0.255836
-0.526198 0.254938
-0.525198 0.254042
-0.524198 0.253147
-0.523198 0.252321
-0.522198 0.251426
-0.521198 0.250533
-0.520198 0.249641
-0.519198 0.24875
-0.518198 0.247861
-0.517198 0.246973
-0.516198 0.246086
-0.515198 0.2452
-0.514198 0.244316
-0.513198 0.243433
-0.512198 0.242551
-0.511198 0.24167
-0.510198 0.240791
-0.509198 0.239913
-0.508198 0.239037
-0.507198 0.238161
-0.506198 0.237287
-0.505198 0.236414
-0.504198 0.235543
-0.503198 0.234673
-0.502198 0.233804
-0.501198 0.232936
-0.500198 0.23207
-0.499198 0.231205
-0.498198 0.230341
-0.497198 0.229479
-0.496198 0.228618
-0.495198 0.227758
-0.494198 0.226899
-0.493198 0.226042
-0.492198 0.225187
-0.491198 0.224332
-0.490198 0.223479
-0.489198 0.222627
-0.488198 0.221776
-0.487198 0.220927
-0.486198 0.220079
-0.485198 0.219233
-0.484198 0.218388
-0.483198 0.217544
-0.482198 0.216701
-0.481198 0.21586
-0.480198 0.21502
-0.479198 0.214182
-0.478198 0.213345
-0.477198 0.212509
-0.476198 0.211674
-0.475198 0.210841
-0.474198 0.210009
-0.473198 0.209179
-0.472198 0.20835
-0.471198 0.207522
-0.470198 0.206696
-0.469198 0.205871
-0.468198 0.205047
-0.467198 0.204225
-0.466198 0.203404
-0.465198 0.202585
-0.464198 0.201766
-0.463198 0.20095
-0.462198 0.200134
-0.461198 0.19932
-0.460198 0.198508
-0.459198 0.197696
-0.458198 0.196886
-0.457198 0.196078
-0.456198 0.195271
-0.455198 0.194465
-0.454198 0.193661
-0.453198 0.192858
-0.452198 0.192056
-0.451198 0.191256
-0.450198 0.190457
-0.449198 0.18966
-0.448198 0.188864
-0.447198 0.188069
-0.446198 0.187276
-0.445198 0.186484
-0.444198 0.185694
-0.443198 0.184905
-0.442198 0.184118
-0.441198 0.183332
-0.440198 0.182547
-0.439198 0.181764
-0.438198 0.180982
-0.437198 0.180201
-0.436198 0.179422
-0.435198 0.178645
-0.434198 0.177869
-0.433198 0.177094
-0.432198 0.176321
-0.431198 0.175549
-0.430198 0.174778
-0.429198 0.174009
-0.428198 0.173242
-0.427198 0.172476
-0.426198 0.171711
-0.425198 0.170948
-0.424198 0.170186
-0.423198 0.169426
-0.422198 0.168667
-0.421198 0.167909
-0.420198 0.167153
-0.419198 0.166399
-0.418198 0.165646
-0.417198 0.164894
-0.416198 0.164144
-0.415198 0.163395
-0.414198 0.162648
-0.413198 0.161902
-0.412198 0.161158
-0.411198 0.160415
-0.410198 0.159674
-0.409198 0.158934
-0.408198 0.158196
-0.407198 0.157459
-0.406198 0.156723
-0.405198 0.155989
-0.404198 0.155257
-0.403198 0.154526
-0.402198 0.153796
-0.401198 0.153068
-0.400198 0.152342
-0.399198 0.151617
-0.398198 0.150893
-0.397198 0.150171
-0.396198 0.149451
-0.395198 0.148732
-0.394198 0.148014
-0.393198 0.147298
-0.392198 0.146584
-0.391198 0.145871
-0.390198 0.145159
-0.389198 0.144449
-0.388198 0.143741
-0.387198 0.143034
-0.386198 0.142328
-0.385198 0.141624
-0.384198 0.140922
-0.383198 0.140221
-0.382198 0.139522
-0.381198 0.138824
-0.380198 0.138128
-0.379198 0.137433
-0.378198 0.13674
-0.377198 0.136048
-0.376198 0.135358
-0.375198 0.134669
-0.374198 0.133982
-0.373198 0.133296
-0.372198 0.132612
-0.371198 0.13193
-0.370198 0.131249
-0.369198 0.13057
-0.368198 0.129892
-0.367198 0.129216
-0.366198 0.128541
-0.365198 0.127868
-0.364198 0.127196
-0.363198 0.126526
-0.362198 0.125858
-0.361198 0.125191
-0.360198 0.124526
-0.359198 0.123862
-0.358198 0.1232
-0.357198 0.122539
-0.356198 0.12188
-0.355198 0.121222
-0.354198 0.120567
-0.353198 0.119912
-0.352198 0.11926
-0.351198 0.118608
-0.350198 0.117959
-0.349198 0.117311
-0.348198 0.116664
-0.347198 0.11602
-0.346198 0.115376
-0.345198 0.114735
-0.344198 0.114095
-0.343198 0.113456
-0.342198 0.11282
-0.341198 0.112184
-0.340198 0.111551
-0.339198 0.110919
-0.338198 0.110288
-0.337198 0.10966
-0.336198 0.109033
-0.335198 0.108407
-0.334198 0.107783
-0.333198 0.107161
-0.332198 0.10654
-0.331198 0.105921
-0.330198 0.105304
-0.329198 0.104688
-0.328198 0.104073
-0.327198 0.103461
-0.326198 0.10285
-0.325198 0.102241
-0.324198 0.101633
-0.323198 0.101027
-0.322198 0.100423
-0.321198 0.0998198
-0.320198 0.0992187
-0.319198 0.0986192
-0.318198 0.0980214
-0.317198 0.0974252
-0.316198 0.0968306
-0.315198 0.0962378
-0.314198 0.0956465
-0.313198 0.0952491
-0.312198 0.0946557
-0.311198 0.094064
-0.310198 0.0934741
-0.309198 0.092886
-0.308198 0.0922997
-0.307198 0.0917151
-0.306198 0.0911323
-0.305198 0.0905512
-0.304198 0.0899719
-0.303198 0.0893944
-0.302198 0.0888187
-0.301198 0.0882447
-0.300198 0.0876726
-0.299198 0.0871021
-0.298198 0.0865335
-0.297198 0.0859667
-0.296198 0.0854016
-0.295198 0.0848383
-0.294198 0.0842768
-0.293198 0.083717
-0.292198 0.0831591
-0.291198 0.0826029
-0.290198 0.0820485
-0.289198 0.0814959
-0.288198 0.0809451
-0.287198 0.080396
-0.286198 0.0798488
-0.285198 0.0793033
-0.284198 0.0787596
-0.283198 0.0782177
-0.282198 0.0776776
-0.281198 0.0771393
-0.280198 0.0766028
-0.279198 0.0760681
-0.278198 0.0755351
-0.277198 0.075004
-0.276198 0.0744746
-0.275198 0.0739471
-0.274198 0.0734213
-0.273198 0.0728974
-0.272198 0.0723752
-0.271198 0.0718549
-0.270198 0.0713363
-0.269198 0.0708196
-0.268198 0.0703046
-0.267198 0.0697914
-0.266198 0.0692801
-0.265198 0.0687705
-0.264198 0.0682628
-0.263198 0.0677569
-0.262198 0.0672527
-0.261198 0.0667504
-0.260198 0.0662499
-0.259198 0.0657512
-0.258198 0.0652543
-0.257198 0.0647592
-0.256198 0.0642659
-0.255198 0.0637745
-0.254198 0.0632848
-0.253198 0.062797
-0.252198 0.062311
-0.251198 0.0618268
-0.250198 0.0613444
-0.249198 0.0608638
-0.248198 0.0603851
-0.247198 0.0599082
-0.246198 0.0594331
-0.245198 0.0589598
-0.244198 0.0584883
-0.243198 0.0580187
-0.242198 0.0575509
-0.241198 0.0570849
-0.240198 0.0566207
-0.239198 0.0561583
-0.238198 0.0556978
-0.237198 0.0552391
-0.236198 0.0547823
-0.235198 0.0543273
-0.234198 0.0538741
-0.233198 0.0534227
-0.232198 0.0529732
-0.231198 0.0525255
-0.230198 0.0520796
-0.229198 0.0516356
-0.228198 0.0511934
-0.227198 0.050753
-0.226198 0.0503145
-0.225198 0.0498778
-0.224198 0.049443
-0.223198 0.04901
-0.222198 0.0485788
-0.221198 0.0481495
-0.220198 0.047722
-0.219198 0.0472964
-0.218198 0.0468726
-0.217198 0.0464506
-0.216198 0.0460305
-0.215198 0.0456123
-0.214198 0.0451958
-0.213198 0.0447813
-0.212198 0.0443686
-0.211198 0.0439577
-0.210198 0.0435487
-0.209198 0.0431416
-0.208198 0.0427363
-0.207198 0.0423328
-0.206198 0.0419312
-0.205198 0.0415315
-0.204198 0.0411336
-0.203198 0.0407376
-0.202198 0.0403434
-0.201198 0.0399511
-0.200198 0.0395606
-0.199198 0.039172
-0.198198 0.0387853
-0.197198 0.0384004
-0.196198 0.0380174
-0.195198 0.0376363
-0.194198 0.037257
-0.193198 0.0368796
-0.192198 0.036504
-0.191198 0.0361304
-0.190198 0.0357586
-0.189198 0.0353886
-0.188198 0.0350205
-0.187198 0.0346543
-0.186198 0.03429
-0.185198 0.0339276
-0.184198 0.033567
-0.183198 0.0332083
-0.182198 0.0328514
-0.181198 0.0324965
-0.180198 0.0321434
-0.179198 0.0317922
-0.178198 0.0314429
-0.177198 0.0310954
-0.176198 0.0307498
-0.175198 0.0304062
-0.174198 0.0300643
-0.173198 0.0297244
-0.172198 0.0293864
-0.171198 0.0290502
-0.170198 0.028716
-0.169198 0.0283836
-0.168198 0.0280531
-0.167198 0.0277245
-0.166198 0.0273977
-0.165198 0.0270729
-0.164198 0.02675
-0.163198 0.0264289
-0.162198 0.0261098
-0.161198 0.0257925
-0.160198 0.0254771
-0.159198 0.0251636
-0.158198 0.0248521
-0.157198 0.0245424
-0.156198 0.0242346
-0.155198 0.0239287
-0.154198 0.0236247
-0.153198 0.0233226
-0.152198 0.0230224
-0.151198 0.0227241
-0.150198 0.0224277
-0.149198 0.0221332
-0.148198 0.0218407
-0.147198 0.02155
-0.146198 0.0212612
-0.145198 0.0209743
-0.144198 0.0206894
-0.143198 0.0204063
-0.142198 0.0201252
-0.141198 0.019846
-0.140198 0.0195686
-0.139198 0.0192932
-0.138198 0.0190197
-0.137198 0.0187482
-0.136198 0.0184785
-0.135198 0.0182107
-0.134198 0.0179449
-0.133198 0.017681
-0.132198 0.017419
-0.131198 0.0171589
-0.130198 0.0169007
-0.129198 0.0166445
-0.128198 0.0163901
-0.127198 0.0161377
-0.126198 0.0158872
-0.125198 0.0156387
-0.124198 0.015392
-0.123198 0.0151473
-0.122198 0.0149046
-0.121198 0.0146637
-0.120198 0.0144248
-0.119198 0.0141878
-0.118198 0.0139527
-0.117198 0.0137196
-0.116198 0.0134883
-0.115198 0.0132591
-0.114198 0.0130317
-0.113198 0.0128063
-0.112198 0.0125828
-0.111198 0.0123613
-0.110198 0.0121417
-0.109198 0.011924
-0.108198 0.0117083
-0.107198 0.0114945
-0.106198 0.0112826
-0.105198 0.0110727
-0.104198 0.0111862
-0.103198 0.010971
-0.102198 0.0107579
-0.101198 0.010547
-0.100198 0.0103381
-0.0991976 0.0101314
-0.0981976 0.0099268
-0.0971976 0.00972431
-0.0961976 0.00952393
-0.0951976 0.00932566
-0.0941976 0.00912951
-0.0931976 0.00893547
-0.0921976 0.00874354
-0.0911976 0.00855371
-0.0901976 0.008366
-0.0891976 0.00818039
-0.0881976 0.00799689
-0.0871976 0.0078155
-0.0861976 0.00763621
-0.0851976 0.00745903
-0.0841976 0.00728395
-0.0831976 0.00711098
-0.0821976 0.0069401
-0.0811976 0.00677133
-0.0801976 0.00660465
-0.0791976 0.00644008
-0.0781976 0.00627761
-0.0771976 0.00611723
-0.0761976 0.00595895
-0.0751976 0.00580276
-0.0741976 0.00564867
-0.0731976 0.00549668
-0.0721976 0.00534677
-0.0711976 0.00519897
-0.0701976 0.00505325
-0.0691976 0.00490962
-0.0681976 0.00476808
-0.0671976 0.00462864
-0.0661976 0.00449128
-0.0651976 0.004356
-0.0641976 0.00422282
-0.0631976 0.00409172
-0.0621976 0.0039627
-0.0611976 0.00383577
-0.0601976 0.00371093
-0.0591976 0.00358816
-0.0581976 0.00346748
-0.0571976 0.00334887
-0.0561976 0.00323235
-0.0551976 0.0031179
-0.0541976 0.00300554
-0.0531976 0.00289525
-0.0521976 0.00278704
-0.0511976 0.0026809
-0.0501976 0.00257684
-0.0491976 0.00247485
-0.0481976 0.00237493
-0.0471976 0.00227709
-0.0461976 0.00218131
-0.0451976 0.00208761
-0.0441976 0.00199598
-0.0431976 0.00190641
-0.0421976 0.00181892
-0.0411976 0.00173349
-0.0401976 0.00165013
-0.0391976 0.00156883
-0.0381976 0.00148959
-0.0371976 0.00141242
-0.0361976 0.00133732
-0.0351976 0.00126427
-0.0341976 0.00119329
-0.0331976 0.00112436
-0.0321976 0.0010575
-0.0311976 0.000992693
-0.0301976 0.000929944
-0.0291976 0.000869252
-0.0281976 0.000810616
-0.0271976 0.000754035
-0.0261976 0.000699508
-0.0251976 0.000647034
-0.0241976 0.000596613
-0.0231976 0.000548244
-0.0221976 0.000501925
-0.0211976 0.000457657
-0.0201976 0.000415437
-0.0191976 0.000375266
-0.0181976 0.000337142
-0.0171976 0.000301064
-0.0161976 0.000267033
-0.0151976 0.000235046
-0.0141976 0.000205103
-0.0131976 0.000177203
-0.0121976 0.000151345
-0.0111976 0.000127529
-0.0101976 0.000105753
-0.00919755 8.60172e-05
-0.00819755 6.83201e-05
-0.00719755 5.2661e-05
-0.00619755 3.9039e-05
-0.00519755 2.74534e-05
-0.00419755 1.79031e-05
-0.00319755 1.03875e-05
-0.00219755 4.90562e-06
-0.00119755 1.45661e-06
-0.000197551 3.96327e-08
0.000802449 6.53835e-07
0.00180245 3.29837e-06
0.00280245 7.97237e-06
0.00380245 1.4675e-05
0.00480245 2.34054e-05
0.00580245 3.41627e-05
0.00680245 4.69461e-05
0.00780245 6.17547e-05
0.00880245 7.85877e-05
0.00980245 9.74441e-05
0.0108024 0.000118323
0.0118024 0.000141224
0.0128024 0.000166146
0.0138024 0.000193088
0.0148024 0.000222049
0.0158024 0.000253029
0.0168024 0.000286026
0.0178024 0.00032104
0.0188024 0.00035807
0.0198024 0.000397114
0.0208024 0.000438173
0.0218024 0.000481245
0.0228024 0.00052633
0.0238024 0.000573426
0.0248024 0.000622533
0.0258024 0.000673649
0.0268024 0.000726775
0.0278024 0.000781909
0.0288024 0.00083905
0.0298024 0.000898198
0.0308024 0.000959351
0.0318024 0.00102251
0.0328024 0.00108767
0.0338024 0.00115484
0.0348024 0.001224
0.0358024 0.00129517
0.0368024 0.00136834
0.0378024 0.00144351
0.0388024 0.00152068
0.0398024 0.00159984
0.0408024 0.001681
0.0418024 0.00176416
0.0428024 0.00184932
0.0438024 0.00193647
0.0448024 0.00202561
0.0458024 0.00211674
0.0468024 0.00220987
0.0478024 0.00230499
0.0488024 0.0024021
0.0498024 0.00250119
0.0508024 0.00260228
0.0518024 0.00270535
0.0528024 0.00281042
0.0538024 0.00291746
0.0548024 0.00302649
0.0558024 0.00313751
0.0568024 0.00325051
0.0578024 0.00336549
0.0588024 0.00348246
0.0598024 0.0036014
0.0608024 0.00372233
0.0618024 0.00384523
0.0628024 0.00397012
0.0638024 0.00409698
0.0648024 0.00422581
0.0658024 0.00435662
0.0668024 0.00448941
0.0678024 0.00462417
0.0688024 0.00476091
0.0698024 0.00489962
0.0708024 0.00504029
0.0718024 0.00518294
0.0728024 0.00532756
0.0738024 0.00547415
0.0748024 0.00562271
0.0758024 0.00577323
0.0768024 0.00592572
0.0778024 0.00608017
0.0788024 0.00623659
0.0798024 0.00639498
0.0808024 0.00655533
0.0818024 0.00671763
0.0828024 0.0068819
0.0838024 0.00704814
0.0848024 0.00721633
0.0858024 0.00738647
0.0868024 0.00755858
0.0878024 0.00773265
0.0888024 0.00790867
0.0898024 0.00808664
0.0908024 0.00826657
0.0918024 0.00844845
0.0928024 0.00863229
0.0938024 0.00881808
0.0948024 0.00900582
0.0958024 0.00919551
0.0968024 0.00938715
0.0978024 0.00958073
0.0988024 0.00977627
0.0998024 0.00997375
0.100802 0.0101732
0.101802 0.0103745
0.102802 0.0105779
0.103802 0.0107831
0.104802 0.0111874
0.105802 0.0113909
0.106802 0.0115965
0.107802 0.0118042
0.108802 0.0120139
0.109802 0.0122256
0.110802 0.0124394
0.111802 0.0126552
0.112802 0.012873
0.113802 0.0130929
0.114802 0.0133148
0.115802 0.0135387
0.116802 0.0137647
0.117802 0.0139927
0.118802 0.0142227
0.119802 0.0144548
0.120802 0.0146888
0.121802 0.0149249
0.122802 0.015163
0.123802 0.0154032
0.124802 0.0156453
0.125802 0.0158894
0.126802 0.0161356
0.127802 0.0163838
0.128802 0.0166339
0.129802 0.0168861
0.130802 0.0171403
0.131802 0.0173965
0.132802 0.0176546
0.133802 0.0179148
0.134802 0.018177
0.135802 0.0184411
0.136802 0.0187073
0.137802 0.0189754
0.138802 0.0192456
0.139802 0.0195177
0.140802 0.0197918
0.141802 0.0200679
0.142802 0.0203459
0.143802 0.020626
0.144802 0.020908
0.145802 0.021192
0.146802 0.0214779
0.147802 0.0217659
0.148802 0.0220558
0.149802 0.0223476
0.150802 0.0226415
0.151802 0.0229373
0.152802 0.023235
0.153802 0.0235347
0.154802 0.0238364
0.155802 0.02414
0.156802 0.0244456
0.157802 0.0247532
0.158802 0.0250626
0.159802 0.0253741
0.160802 0.0256875
0.161802 0.0260028
0.162802 0.02632
0.163802 0.0266392
0.164802 0.0269604
0.165802 0.0272835
0.166802 0.0276085
0.167802 0.0279354
0.168802 0.0282643
0.169802 0.0285951
0.170802 0.0289279
0.171802 0.0292625
0.172802 0.0295991
0.173802 0.0299376
0.174802 0.030278
0.175802 0.0306204
0.176802 0.0309646
0.177802 0.0313108
0.178802 0.0316589
0.179802 0.0320089
0.180802 0.0323608
0.181802 0.0327146
0.182802 0.0330703
0.183802 0.0334279
0.184802 0.0337874
0.185802 0.0341489
0.186802 0.0345122
0.187802 0.0348774
0.188802 0.0352445
0.189802 0.0356135
0.190802 0.0359844
0.191802 0.0363571
0.192802 0.0367318
0.193802 0.0371083
0.194802 0.0374867
0.195802 0.037867
0.196802 0.0382492
0.197802 0.0386333
0.198802 0.0390192
0.199802 0.039407
0.200802 0.0397967
0.201802 0.0401882
0.202802 0.0405816
0.203802 0.0409769
0.204802 0.0413741
0.205802 0.0417731
0.206802 0.0421739
0.207802 0.0425766
0.208802 0.0429812
0.209802 0.0433876
0.210802 0.0437959
0.211802 0.044206
0.212802 0.044618
0.213802 0.0450318
0.214802 0.0454475
0.215802 0.045865
0.216802 0.0462843
0.217802 0.0467055
0.218802 0.0471286
0.219802 0.0475534
0.220802 0.0479801
0.221802 0.0484086
0.222802 0.048839
0.223802 0.0492712
0.224802 0.0497052
0.225802 0.050141
0.226802 0.0505786
0.227802 0.0510181
0.228802 0.0514594
0.229802 0.0519025
0.230802 0.0523474
0.231802 0.0527941
0.232802 0.0532427
0.233802 0.053693
0.234802 0.0541452
0.235802 0.0545991
0.236802 0.0550549
0.237802 0.0555125
0.238802 0.0559718
0.239802 0.056433
0.240802 0.0568959
0.241802 0.0573607
0.242802 0.0578272
0.243802 0.0582956
0.244802 0.0587657
0.245802 0.0592376
0.246802 0.0597113
0.247802 0.0601867
0.248802 0.060664
0.249802 0.061143
0.250802 0.0616238
0.251802 0.0621064
0.252802 0.0625907
0.253802 0.0630769
0.254802 0.0635648
0.255802 0.0640544
0.256802 0.0645458
0.257802 0.065039
0.258802 0.065534
0.259802 0.0660307
0.260802 0.0665291
0.261802 0.0670294
0.262802 0.0675313
0.263802 0.0680351
0.264802 0.0685405
0.265802 0.0690478
0.266802 0.0695567
0.267802 0.0700674
0.268802 0.0705799
0.269802 0.0710941
0.270802 0.07161
0.271802 0.0721277
0.272802 0.0726471
0.273802 0.0731683
0.274802 0.0736911
0.275802 0.0742157
0.276802 0.0747421
0.277802 0.0752701
0.278802 0.0757999
0.279802 0.0763314
0.280802 0.0768646
0.281802 0.0773995
0.282802 0.0779362
0.283802 0.0784746
0.284802 0.0790146
0.285802 0.0795564
0.286802 0.0800999
0.287802 0.0806451
0.288802 0.0811921
0.289802 0.0817407
0.290802 0.082291
0.291802 0.082843
0.292802 0.0833967
0.293802 0.0839521
0.294802 0.0845092
0.295802 0.085068
0.296802 0.0856285
0.297802 0.0861907
0.298802 0.0867545
0.299802 0.0873201
0.300802 0.0878873
0.301802 0.0884562
0.302802 0.0890268
0.303802 0.089599
0.304802 0.090173
0.305802 0.0907486
0.306802 0.0913258
0.307802 0.0919048
0.308802 0.0924854
0.309802 0.0930677
0.310802 0.0936516
0.311802 0.0942372
0.312802 0.0948245
0.313802 0.0954134
0.314802 0.0960713
0.315802 0.0966616
0.316802 0.0972536
0.317802 0.0978473
0.318802 0.0984427
0.319802 0.0990397
0.320802 0.0996385
0.321802 0.100239
0.322802 0.100841
0.323802 0.101445
0.324802 0.10205
0.325802 0.102657
0.326802 0.103266
0.327802 0.103876
0.328802 0.104489
0.329802 0.105102
0.330802 0.105718
0.331802 0.106335
0.332802 0.106953
0.333802 0.107574
0.334802 0.108196
0.335802 0.108819
0.336802 0.109445
0.337802 0.110072
0.338802 0.1107
0.339802 0.111331
0.340802 0.111962
0.341802 0.112596
0.342802 0.113231
0.343802 0.113868
0.344802 0.114506
0.345802 0.115146
0.346802 0.115788
0.347802 0.116431
0.348802 0.117076
0.349802 0.117722
0.350802 0.11837
0.351802 0.11902
0.352802 0.119671
0.353802 0.120324
0.354802 0.120979
0.355802 0.121635
0.356802 0.122293
0.357802 0.122952
0.358802 0.123613
0.359802 0.124275
0.360802 0.124939
0.361802 0.125605
0.362802 0.126272
0.363802 0.126941
0.364802 0.127612
0.365802 0.128284
0.366802 0.128957
0.367802 0.129632
0.368802 0.130309
0.369802 0.130987
0.370802 0.131667
0.371802 0.132349
0.372802 0.133032
0.373802 0.133716
0.374802 0.134402
0.375802 0.13509
0.376802 0.135779
0.377802 0.13647
0.378802 0.137163
0.379802 0.137856
0.380802 0.138552
0.381802 0.139249
0.382802 0.139947
0.383802 0.140647
0.384802 0.141349
0.385802 0.142052
0.386802 0.142757
0.387802 0.143463
0.388802 0.144171
0.389802 0.14488
0.390802 0.145591
0.391802 0.146303
0.392802 0.147017
0.393802 0.147732
0.394802 0.148449
0.395802 0.149167
0.396802 0.149887
0.397802 0.150608
0.398802 0.151331
0.399802 0.152056
0.400802 0.152781
0.401802 0.153509
0.402802 0.154238
0.403802 0.154968
0.404802 0.1557
0.405802 0.156433
0.406802 0.157168
0.407802 0.157904
0.408802 0.158642
0.409802 0.159381
0.410802 0.160122
0.411802 0.160864
0.412802 0.161608
0.413802 0.162353
0.414802 0.1631
0.415802 0.163848
0.416802 0.164598
0.417802 0.165349
0.418802 0.166101
0.419802 0.166855
0.420802 0.16761
0.421802 0.168367
0.422802 0.169126
0.423802 0.169885
0.424802 0.170647
0.425802 0.171409
0.426802 0.172173
0.427802 0.172939
0.428802 0.173706
0.429802 0.174474
0.430802 0.175244
0.431802 0.176015
0.432802 0.176788
0.433802 0.177562
0.434802 0.178338
0.435802 0.179115
0.436802 0.179893
0.437802 0.180673
0.438802 0.181454
0.439802 0.182237
0.440802 0.183021
0.441802 0.183806
0.442802 0.184593
0.443802 0.185381
0.444802 0.186171
0.445802 0.186962
0.446802 0.187755
0.447802 0.188548
0.448802 0.189344
0.449802 0.19014
0.450802 0.190938
0.451802 0.191738
0.452802 0.192539
0.453802 0.193341
0.454802 0.194144
0.455802 0.194949
0.456802 0.195756
0.457802 0.196563
0.458802 0.197372
0.459802 0.198183
0.460802 0.198995
0.461802 0.199808
0.462802 0.200622
0.463802 0.201438
0.464802 0.202255
0.465802 0.203074
0.466802 0.203894
0.467802 0.204715
0.468802 0.205538
0.469802 0.206362
0.470802 0.207187
0.471802 0.208014
0.472802 0.208842
0.473802 0.209671
0.474802 0.210502
0.475802 0.211334
0.476802 0.212167
0.477802 0.213002
0.478802 0.213838
0.479802 0.214675
0.480802 0.215514
0.481802 0.216354
0.482802 0.217195
0.483802 0.218038
0.484802 0.218882
0.485802 0.219727
0.486802 0.220573
0.487802 0.221421
0.488802 0.22227
0.489802 0.223121
0.490802 0.223973
0.491802 0.224826
0.492802 0.22568
0.493802 0.226536
0.494802 0.227392
0.495802 0.228251
0.496802 0.22911
0.497802 0.229971
0.498802 0.230833
0.499802 0.231696
0.500802 0.232561
0.501802 0.233427
0.502802 0.234294
0.503802 0.235162
0.504802 0.236032
0.505802 0.236903
0.506802 0.237775
0.507802 0.238649
0.508802 0.239523
0.509802 0.240399
0.510802 0.241276
0.511802 0.242155
0.512802 0.243035
0.513802 0.243916
0.514802 0.244798
0.515802 0.245681
0.516802 0.246566
0.517802 0.247452
0.518802 0.248339
0.519802 0.249228
0.520802 0.250117
0.521802 0.251008
0.522802 0.2519
0.523802 0.252536
0.524802 0.253438
0.525802 0.254341
0.526802 0.255245
0.527802 0.25615
0.528802 0.257056
0.529802 0.257964
0.530802 0.258872
0.531802 0.259781
0.532802 0.260692
0.533802 0.261603
0.534802 0.262516
0.535802 0.26343
0.536802 0.264345
0.537802 0.26526
0.538802 0.266177
0.539802 0.267095
0.540802 0.268014
0.541802 0.268934
0.542802 0.269856
0.543802 0.270778
0.544802 0.271701
0.545802 0.272626
0.546802 0.273551
0.547802 0.274477
0.548802 0.275405
0.549802 0.276334
0.550802 0.277263
0.551802 0.278194
0.552802 0.279126
0.553802 0.280059
0.554802 0.280993
0.555802 0.281928
0.556802 0.282864
0.557802 0.283801
0.558802 0.284739
0.559802 0.285678
0.560802 0.286618
0.561802 0.287559
0.562802 0.288502
0.563802 0.289445
0.564802 0.290389
0.565802 0.291335
0.566802 0.292281
0.567802 0.293229
0.568802 0.294177
0.569802 0.295127
0.570802 0.296078
0.571802 0.297029
0.572802 0.297982
0.573802 0.298936
0.574802 0.299891
0.575802 0.300846
0.576802 0.301803
0.577802 0.302761
0.578802 0.30372
0.579802 0.30468
0.580802 0.305641
0.581802 0.306603
0.582802 0.307566
0.583802 0.30853
0.584802 0.309495
0.585802 0.310461
0.586802 0.311429
0.587802 0.312397
0.588802 0.313366
0.589802 0.314336
0.590802 0.315308
0.591802 0.31628
0.592802 0.317253
0.593802 0.318227
0.594802 0.319203
0.595802 0.320179
0.596802 0.321156
0.597802 0.322135
0.598802 0.323114
0.599802 0.324095
0.600802 0.325076
0.601802 0.326059
0.602802 0.327042
0.603802 0.328026
0.604802 0.329012
0.605802 0.329998
0.606802 0.330986
0.607802 0.331974
0.608802 0.332964
0.609802 0.333954
0.610802 0.334946
0.611802 0.335939
0.612802 0.336932
0.613802 0.337927
0.614802 0.338922
0.615802 0.339919
0.616802 0.340916
0.617802 0.341915
0.618802 0.342914
0.619802 0.343915
0.620802 0.344916
0.621802 0.345919
0.622802 0.346922
0.623802 0.347927
0.624802 0.348932
0.625802 0.349939
0.626802 0.350946
0.627802 0.351955
0.628802 0.352964
0.629802 0.353975
0.630802 0.354986
0.631802 0.355998
0.632802 0.357012
0.633802 0.358026
0.634802 0.359041
0.635802 0.360058
0.636802 0.361075
0.637802 0.362093
0.638802 0.363113
0.639802 0.364133
0.640802 0.365154
0.641802 0.366176
0.642802 0.3672
0.643802 0.368224
0.644802 0.369249
0.645802 0.370275
0.646802 0.371302
0.647802 0.37233
0.648802 0.373359
0.649802 0.374389
0.650802 0.37542
0.651802 0.376452
0.652802 0.377485
0.653802 0.378519
0.654802 0.379554
0.655802 0.38059
0.656802 0.381626
0.657802 0.382664
0.658802 0.383703
0.659802 0.384742
0.660802 0.385783
0.661802 0.386825
0.662802 0.387867
0.663802 0.388911
0.664802 0.389955
0.665802 0.391
0.666802 0.392047
0.667802 0.393094
0.668802 0.394142
0.669802 0.395192
0.670802 0.396242
0.671802 0.397293
0.672802 0.398345
0.673802 0.399398
0.674802 0.400452
0.675802 0.401507
0.676802 0.402563
0.677802 0.403619
0.678802 0.404677
0.679802 0.405736
0.680802 0.406795
0.681802 0.407856
0.682802 0.408917
0.683802 0.40998
0.684802 0.411043
0.685802 0.412108
0.686802 0.413173
0.687802 0.414239
0.688802 0.415306
0.689802 0.416374
0.690802 0.417443
0.691802 0.418513
0.692802 0.419584
0.693802 0.420656
0.694802 0.421729
0.695802 0.422802
0.696802 0.423877
0.697802 0.424952
0.698802 0.426029
0.699802 0.427106
0.700802 0.428184
0.701802 0.429264
0.702802 0.430344
0.703802 0.431425
0.704802 0.432507
0.705802 0.43359
0.706802 0.434673
0.707802 0.435758
0.708802 0.436844
0.709802 0.43793
0.710802 0.439018
0.711802 0.440106
0.712802 0.441196
0.713802 0.442286
0.714802 0.443377
0.715802 0.444469
0.716802 0.445562
0.717802 0.446656
0.718802 0.447751
0.719802 0.448846
0.720802 0.449943
0.721802 0.45104
0.722802 0.452139
0.723802 0.453238
0.724802 0.454338
0.725802 0.455439
0.726802 0.456541
0.727802 0.457644
0.728802 0.458748
0.729802 0.459853
0.730802 0.460958
0.731802 0.462065
0.732802 0.463172
0.733802 0.464831
0.734802 0.465924
0.735802 0.467019
0.736802 0.468115
0.737802 0.469212
0.738802 0.47031
0.739802 0.471409
0.740802 0.47251
0.741802 0.473612
0.742802 0.474715
0.743802 0.475819
0.744802 0.476924
0.745802 0.47803
0.746802 0.479138
0.747802 0.480247
0.748802 0.481356
0.749802 0.482467
0.750802 0.48358
0.751802 0.484693
0.752802 0.485807
0.753802 0.486923
0.754802 0.488039
0.755802 0.489157
0.756802 0.490276
0.757802 0.491396
0.758802 0.492517
0.759802 0.493639
0.760802 0.494763
0.761802 0.495887
0.762802 0.497013
0.763802 0.498139
0.764802 0.499267
0.765802 0.500396
0.766802 0.501525
0.767802 0.502656
0.768802 0.503788
0.769802 0.504921
0.770802 0.506055
0.771802 0.507191
0.772802 0.508327
0.773802 0.509464
0.774802 0.510602
0.775802 0.511742
0.776802 0.512882
0.777802 0.514024
0.778802 0.515166
0.779802 0.51631
0.780802 0.517454
0.781802 0.5186
0.782802 0.519746
0.783802 0.520894
0.784802 0.522042
0.785802 0.523192
0.786802 0.524342
0.787802 0.525494
0.788802 0.526646
0.789802 0.5278
0.790802 0.528955
0.791802 0.53011
0.792802 0.531267
0.793802 0.532424
0.794802 0.533582
0.795802 0.534742
0.796802 0.535902
0.797802 0.537064
0.798802 0.538226
0.799802 0.539389
0.800802 0.540553
0.801802 0.541718
0.802802 0.542884
0.803802 0.544051
0.804802 0.545219
0.805802 0.546388
0.806802 0.547558
0.807802 0.548729
0.808802 0.5499
0.809802 0.551073
0.810802 0.552246
0.811802 0.553421
0.812802 0.554596
0.813802 0.555772
0.814802 0.556949
0.815802 0.558127
0.816802 0.559306
0.817802 0.560485
0.818802 0.561666
0.819802 0.562847
0.820802 0.56403
0.821802 0.565213
0.822802 0.566397
0.823802 0.567582
0.824802 0.568768
0.825802 0.569954
0.826802 0.571142
0.827802 0.57233
0.828802 0.573519
0.829802 0.574709
0.830802 0.5759
0.831802 0.577092
0.832802 0.578284
0.833802 0.579477
0.834802 0.580671
0.835802 0.581866
0.836802 0.583062
0.837802 0.584259
0.838802 0.585456
0.839802 0.586654
0.840802 0.587853
0.841802 0.589053
0.842802 0.590253
0.843802 0.591454
0.844802 0.592657
0.845802 0.593859
0.846802 0.595063
0.847802 0.596267
0.848802 0.597472
0.849802 0.598678
0.850802 0.599885
0.851802 0.601092
0.852802 0.602301
0.853802 0.603509
0.854802 0.604719
0.855802 0.605929
0.856802 0.607141
0.857802 0.608352
0.858802 0.609565
0.859802 0.610778
0.860802 0.611992
0.861802 0.613207
0.862802 0.614422
0.863802 0.615639
0.864802 0.616855
0.865802 0.618073
0.866802 0.619291
0.867802 0.62051
0.868802 0.62173
0.869802 0.62295
0.870802 0.624171
0.871802 0.625392
0.872802 0.626615
0.873802 0.627838
0.874802 0.629061
0.875802 0.630286
0.876802 0.631511
0.877802 0.632736
0.878802 0.633962
0.879802 0.635189
0.880802 0.636417
0.881802 0.637645
0.882802 0.638874
0.883802 0.640103
0.884802 0.641333
0.885802 0.642564
0.886802 0.643795
0.887802 0.645027
0.888802 0.64626
0.889802 0.647493
0.890802 0.648727
0.891802 0.649961
0.892802 0.651196
0.893802 0.652432
0.894802 0.653668
0.895802 0.654904
0.896802 0.656142
0.897802 0.657379
0.898802 0.658618
0.899802 0.659857
0.900802 0.661096
0.901802 0.662337
0.902802 0.663577
0.903802 0.664818
0.904802 0.66606
0.905802 0.667302
0.906802 0.668545
0.907802 0.669789
0.908802 0.671033
0.909802 0.672277
0.910802 0.673522
0.911802 0.674768
0.912802 0.676014
0.913802 0.67726
0.914802 0.678507
0.915802 0.679755
0.916802 0.681003
0.917802 0.682251
0.918802 0.6835
0.919802 0.68475
0.920802 0.686
0.921802 0.687251
0.922802 0.688502
0.923802 0.689753
0.924802 0.691005
0.925802 0.692257
0.926802 0.69351
0.927802 0.694764
0.928802 0.696017
0.929802 0.697272
0.930802 0.698526
0.931802 0.699782
0.932802 0.701037
0.933802 0.702293
0.934802 0.70355
0.935802 0.704806
0.936802 0.706064
0.937802 0.707322
0.938802 0.70858
0.939802 0.709838
0.940802 0.711097
0.941802 0.712357
0.942802 0.715812
0.943802 0.717065
0.944802 0.718318
0.945802 0.719571
0.946802 0.720824
0.947802 0.722077
0.948802 0.723329
0.949802 0.724582
0.950802 0.725835
0.951802 0.727088
0.952802 0.728341
0.953802 0.729594
0.954802 0.730847
0.955802 0.7321
0.956802 0.733352
0.957802 0.734605
0.958802 0.735858
0.959802 0.737111
0.960802 0.738364
0.961802 0.739617
0.962802 0.74087
0.963802 0.742123
0.964802 0.743375
0.965802 0.744628
0.966802 0.745881
0.967802 0.747134
0.968802 0.748387
0.969802 0.74964
0.970802 0.750893
0.971802 0.752145
0.972802 0.753398
0.973802 0.754651
0.974802 0.755904
0.975802 0.757157
0.976802 0.75841
0.977802 0.759663
0.978802 0.760916
0.979802 0.762168
0.980802 0.763421
0.981802 0.764674
0.982802 0.765927
0.983802 0.76718
0.984802 0.768433
0.985802 0.769686
0.986802 0.770938
0.987802 0.772191
0.988802 0.773444
0.989802 0.774697
0.990802 0.77595
0.991802 0.777203
0.992802 0.778456
0.993802 0.779709
0.994802 0.780961
0.995802 0.782214
0.996802 0.783467
0.997802 0.78472
0.998802 0.785973
0.999802 0.787226
1.0008 0.788479
1.0018 0.789732
1.0028 0.790984
1.0038 0.792237
1.0048 0.79349
1.0058 0.794743
1.0068 0.795996
1.0078 0.797249
1.0088 0.798502
1.0098 0.799754
1.0108 0.801007
1.0118 0.80226
1.0128 0.803513
1.0138 0.804766
1.0148 0.806019
1.0158 0.807272
1.0168 0.808525
1.0178 0.809777
1.0188 0.81103
1.0198 0.812283
1.0208 0.813536
1.0218 0.814789
1.0228 0.816042
1.0238 0.817295
1.0248 0.818547
1.0258 0.8198
1.0268 0.821053
1.0278 0.822306
1.0288 0.823559
1.0298 0.824812
1.0308 0.826065
1.0318 0.827318
1.0328 0.82857
1.0338 0.829823
1.0348 0.831076
1.0358 0.832329
1.0368 0.833582
1.0378 0.834835
1.0388 0.836088
1.0398 0.837341
1.0408 0.838593
1.0418 0.839846
1.0428 0.841099
1.0438 0.842352
1.0448 0.843605
1.0458 0.844858
1.0468 0.846111
